0.000 15
0.062 18
0.125 27
0.188 18
0.250 24
0.312 9
0.375 27
0.438 18
0.500 12
0.562 33
0.625 27
0.688 12
0.750 -3
0.812 18
0.875 30
0.938 15
1.000 0
1.062 6
1.125 9
1.188 3
1.250 3
1.312 -3
1.375 18
1.438 9
1.500 -3
1.562 9
1.625 0
1.688 -9
1.750 -3
1.812 -3
1.875 -6
1.938 0
2.000 0
2.062 3
2.125 0
2.188 18
2.250 18
2.312 3
2.375 12
2.438 -3
2.500 21
2.562 0
2.625 6
2.688 33
2.750 -3
2.812 12
2.875 12
2.938 15
3.000 15
3.062 -3
3.125 6
3.188 12
3.250 6
3.312 -3
3.375 6
3.438 6
3.500 15
3.562 18
3.625 3
3.688 6
3.750 3
3.812 3
3.875 6
3.938 0
4.000 6
4.062 6
4.125 -3
4.188 3
4.250 12
4.312 0
4.375 3
4.438 9
4.500 27
4.562 24
4.625 12
4.688 21
4.750 6
4.812 12
4.875 6
4.938 9
5.000 18
5.062 0
5.125 3
5.188 6
5.250 6
5.312 3
5.375 12
5.438 -3
5.500 0
5.562 12
5.625 3
5.688 12
5.750 0
5.812 6
5.875 12
5.938 0
6.000 9
6.062 6
6.125 3
6.188 3
6.250 9
6.312 12
6.375 6
6.438 6
6.500 -3
6.562 -6
6.625 12
6.688 0
6.750 0
6.812 3
6.875 -9
6.938 -3
7.000 -9
7.062 -3
7.125 3
7.188 -3
7.250 0
7.312 9
7.375 6
7.438 -3
7.500 15
7.562 12
7.625 3
7.688 12
7.750 0
7.812 6
7.875 21
7.938 12
8.000 9
8.062 6
8.125 18
8.188 30
8.250 15
8.312 9
8.375 15
8.438 0
8.500 0
8.562 15
8.625 -6
8.688 15
8.750 15
8.812 -9
8.875 3
8.938 0
9.000 3
9.062 6
9.125 9
9.188 3
9.250 0
9.312 3
9.375 0
9.438 6
9.500 6
9.562 6
9.625 15
9.688 15
9.750 9
9.812 6
9.875 9
9.938 3
10.000 9
10.062 12
10.125 -3
10.188 -6
10.250 9
10.312 0
10.375 0
10.438 3
10.500 -3
10.562 9
10.625 6
10.688 3
10.750 0
10.812 3
10.875 0
10.938 -12
11.000 -6
11.062 3
11.125 6
11.188 -6
11.250 -6
11.312 6
11.375 0
11.438 12
11.500 15
11.562 3
11.625 6
11.688 0
11.750 0
11.812 9
11.875 0
11.938 -6
12.000 6
12.062 3
12.125 12
12.188 12
12.250 -3
12.312 6
12.375 18
12.438 9
12.500 3
12.562 15
12.625 15
12.688 12
12.750 21
12.812 9
12.875 -3
12.938 12
13.000 21
13.062 0
13.125 3
13.188 21
13.250 9
13.312 3
13.375 3
13.438 0
13.500 0
13.562 9
13.625 3
13.688 12
13.750 3
13.812 3
13.875 18
13.938 9
14.000 3
14.062 -3
14.125 24
14.188 9
14.250 -3
14.312 9
14.375 6
14.438 9
14.500 12
14.562 -3
14.625 -15
14.688 -3
14.750 0
14.812 6
14.875 -3
14.938 0
15.000 36
15.062 12
15.125 -3
15.188 9
15.250 27
15.312 15
15.375 3
15.438 6
15.500 -3
15.562 15
15.625 6
15.688 15
15.750 12
15.812 0
15.875 9
15.938 -6
16.000 -6
16.062 12
16.125 9
16.188 6
16.250 9
16.312 15
16.375 21
16.438 6
16.500 9
16.562 24
16.625 -3
16.688 3
16.750 9
16.812 -3
16.875 3
16.938 -9
17.000 3
17.062 6
17.125 -3
17.188 6
17.250 3
17.312 0
17.375 12
17.438 12
17.500 -6
17.562 0
17.625 3
17.688 -6
17.750 0
17.812 9
17.875 15
17.938 9
18.000 9
18.062 12
18.125 6
18.188 -3
18.250 0
18.312 21
18.375 12
18.438 -3
18.500 -6
18.562 -3
18.625 0
18.688 9
18.750 12
18.812 9
18.875 21
18.938 27
19.000 12
19.062 -6
19.125 -6
19.188 -3
19.250 0
19.312 -9
19.375 6
19.438 3
19.500 -15
19.562 -3
19.625 -3
19.688 -6
19.750 0
19.812 0
19.875 0
19.938 -9
20.000 -12
20.062 15
20.125 -6
20.188 -9
20.250 24
20.312 0
20.375 -6
20.438 0
20.500 -6
20.562 -6
20.625 -3
20.688 0
20.750 -9
20.812 -9
20.875 3
20.938 -6
21.000 -9
21.062 -3
21.125 3
21.188 9
21.250 -9
21.312 -3
21.375 3
21.438 0
21.500 3
21.562 12
21.625 6
21.688 9
21.750 33
21.812 0
21.875 -9
21.938 6
22.000 0
22.062 0
22.125 -3
22.188 6
22.250 9
22.312 0
22.375 6
22.438 3
22.500 6
22.562 6
22.625 -6
22.688 9
22.750 3
22.812 0
22.875 9
22.938 0
23.000 6
23.062 0
23.125 12
23.188 21
23.250 24
23.312 21
23.375 -3
23.438 15
23.500 3
23.562 -9
23.625 -6
23.688 3
23.750 9
23.812 -3
23.875 6
23.938 0
24.000 0
24.062 9
24.125 15
24.188 21
24.250 6
24.312 18
24.375 18
24.438 3
24.500 18
24.562 18
24.625 15
24.688 21
24.750 36
24.812 33
24.875 18
24.938 30
25.000 27
25.062 21
25.125 21
25.188 15
25.250 15
25.312 12
25.375 21
25.438 15
25.500 24
25.562 12
25.625 0
25.688 18
25.750 21
25.812 21
25.875 12
25.938 21
26.000 12
26.062 6
26.125 27
26.188 12
26.250 9
26.312 18
26.375 0
26.438 9
26.500 9
26.562 18
26.625 18
26.688 -3
26.750 27
26.812 18
26.875 3
26.938 9
27.000 21
27.062 21
27.125 18
27.188 30
27.250 9
27.312 27
27.375 15
27.438 -9
27.500 18
27.562 12
27.625 3
27.688 -6
27.750 0
27.812 3
27.875 -6
27.938 -3
28.000 0
28.062 21
28.125 21
28.188 0
28.250 6
28.312 18
28.375 18
28.438 15
28.500 30
28.562 18
28.625 12
28.688 36
28.750 0
28.812 6
28.875 24
28.938 6
29.000 12
29.062 21
29.125 36
29.188 18
29.250 27
29.312 24
29.375 9
29.438 36
29.500 15
29.562 21
29.625 33
29.688 21
29.750 24
29.812 24
29.875 42
29.938 21
30.000 18
30.062 42
30.125 33
30.188 33
30.250 36
30.312 45
30.375 45
30.438 42
30.500 45
30.562 36
30.625 57
30.688 63
30.750 48
30.812 30
30.875 45
30.938 39
31.000 24
31.062 39
31.125 27
31.188 18
31.250 21
31.312 21
31.375 27
31.438 24
31.500 21
31.562 24
31.625 27
31.688 39
31.750 42
31.812 39
31.875 18
31.938 24
32.000 33
32.062 15
32.125 24
32.188 21
32.250 33
32.312 27
32.375 -3
32.438 24
32.500 39
32.562 0
32.625 15
32.688 24
32.750 6
32.812 15
32.875 3
32.938 18
33.000 27
33.062 27
33.125 18
33.188 21
33.250 39
33.312 18
33.375 27
33.438 12
33.500 0
33.562 15
33.625 6
33.688 18
33.750 18
33.812 9
33.875 21
33.938 9
34.000 3
34.062 24
34.125 27
34.188 15
34.250 12
34.312 12
34.375 12
34.438 6
34.500 3
34.562 15
34.625 15
34.688 6
34.750 6
34.812 9
34.875 18
34.938 18
35.000 12
35.062 18
35.125 18
35.188 -6
35.250 3
35.312 15
35.375 0
35.438 9
35.500 18
35.562 15
35.625 0
35.688 -3
35.750 -3
35.812 0
35.875 15
35.938 9
36.000 6
36.062 0
36.125 9
36.188 15
36.250 -3
36.312 18
36.375 24
36.438 6
36.500 12
36.562 6
36.625 18
36.688 21
36.750 3
36.812 30
36.875 21
36.938 9
37.000 12
37.062 -3
37.125 3
37.188 -3
37.250 -3
37.312 6
37.375 12
37.438 6
37.500 -3
37.562 6
37.625 15
37.688 -3
37.750 3
37.812 24
37.875 12
37.938 9
38.000 9
38.062 6
38.125 6
38.188 -3
38.250 -3
38.312 15
38.375 9
38.438 0
38.500 3
38.562 0
38.625 12
38.688 3
38.750 -6
38.812 12
38.875 30
38.938 15
39.000 -3
39.062 0
39.125 9
39.188 6
39.250 -6
39.312 6
39.375 15
39.438 15
39.500 9
39.562 6
39.625 15
39.688 18
39.750 12
39.812 0
39.875 9
39.938 9
40.000 -6
40.062 3
40.125 3
40.188 -3
40.250 0
40.312 9
40.375 3
40.438 0
40.500 9
40.562 3
40.625 18
40.688 27
40.750 -6
40.812 0
40.875 24
40.938 3
41.000 -3
41.062 9
41.125 3
41.188 -3
41.250 9
41.312 24
41.375 18
41.438 -3
41.500 3
41.562 9
41.625 3
41.688 9
41.750 -3
41.812 3
41.875 9
41.938 6
42.000 9
42.062 12
42.125 18
42.188 30
42.250 15
42.312 -6
42.375 33
42.438 21
42.500 -9
42.562 6
42.625 6
42.688 6
42.750 12
42.812 3
42.875 3
42.938 6
43.000 3
43.062 12
43.125 12
43.188 6
43.250 6
43.312 12
43.375 -3
43.438 12
43.500 24
43.562 0
43.625 12
43.688 12
43.750 3
43.812 9
43.875 30
43.938 9
44.000 -3
44.062 9
44.125 3
44.188 6
44.250 0
44.312 18
44.375 -3
44.438 -6
44.500 15
44.562 9
44.625 12
44.688 6
44.750 9
44.812 9
44.875 0
44.938 3
45.000 9
45.062 -3
45.125 6
45.188 18
45.250 -3
45.312 -3
45.375 0
45.438 12
45.500 6
45.562 6
45.625 9
45.688 3
45.750 15
45.812 0
45.875 3
45.938 0
46.000 9
46.062 15
46.125 -6
46.188 -3
46.250 -6
46.312 3
46.375 12
46.438 3
46.500 0
46.562 -3
46.625 -3
46.688 6
46.750 -3
46.812 -3
46.875 3
46.938 -3
47.000 21
47.062 18
47.125 0
47.188 27
47.250 18
47.312 0
47.375 18
47.438 0
47.500 6
47.562 15
47.625 15
47.688 9
47.750 0
47.812 15
47.875 6
47.938 6
48.000 3
48.062 18
48.125 12
48.188 0
48.250 18
48.312 3
48.375 9
48.438 9
48.500 15
48.562 9
48.625 -6
48.688 6
48.750 6
48.812 3
48.875 3
48.938 12
49.000 9
49.062 0
49.125 3
49.188 6
49.250 0
49.312 6
49.375 9
49.438 27
49.500 21
49.562 3
49.625 9
49.688 18
49.750 18
49.812 3
49.875 -3
49.938 15
50.000 18
50.062 3
50.125 12
50.188 15
50.250 9
50.312 12
50.375 6
50.438 9
50.500 9
50.562 6
50.625 3
50.688 0
50.750 18
50.812 0
50.875 -3
50.938 24
51.000 6
51.062 6
51.125 15
51.188 24
51.250 6
51.312 0
51.375 0
51.438 -3
51.500 3
51.562 15
51.625 18
51.688 0
51.750 24
51.812 6
51.875 15
51.938 21
52.000 0
52.062 3
52.125 -3
52.188 24
52.250 3
52.312 0
52.375 9
52.438 -3
52.500 6
52.562 -9
52.625 3
52.688 9
52.750 0
52.812 -3
52.875 3
52.938 6
53.000 0
53.062 3
53.125 12
53.188 3
53.250 -3
53.312 15
53.375 9
53.438 3
53.500 12
53.562 3
53.625 -6
53.688 9
53.750 9
53.812 6
53.875 6
53.938 -3
54.000 -3
54.062 0
54.125 9
54.188 3
54.250 0
54.312 3
54.375 -6
54.438 -6
54.500 18
54.562 18
54.625 6
54.688 21
54.750 18
54.812 36
54.875 24
54.938 0
55.000 12
55.062 -3
55.125 6
55.188 9
55.250 -6
55.312 6
55.375 -3
55.438 3
55.500 6
55.562 0
55.625 6
55.688 -3
55.750 -6
55.812 3
55.875 3
55.938 -6
56.000 0
56.062 6
56.125 6
56.188 6
56.250 -3
56.312 0
56.375 3
56.438 3
56.500 3
56.562 0
56.625 -6
56.688 0
56.750 24
56.812 9
56.875 3
56.938 12
57.000 -12
57.062 -3
57.125 3
57.188 0
57.250 0
57.312 -3
57.375 3
57.438 -6
57.500 6
57.562 18
57.625 -3
57.688 0
57.750 0
57.812 0
57.875 -9
57.938 9
58.000 15
58.062 6
58.125 12
58.188 3
58.250 24
58.312 18
58.375 9
58.438 9
58.500 15
58.562 21
58.625 -6
58.688 3
58.750 6
58.812 -3
58.875 9
58.938 0
59.000 3
59.062 3
59.125 -3
59.188 12
59.250 9
59.312 6
59.375 12
59.438 6
59.500 0
59.562 -3
59.625 -3
59.688 0
59.750 -12
59.812 3
59.875 15
59.938 -6
60.000 9
60.062 3
60.125 -9
60.188 3
60.250 3
60.312 3
60.375 -3
60.438 12
60.500 12
60.562 3
60.625 27
60.688 9
60.750 0
60.812 12
60.875 15
60.938 0
61.000 -3
61.062 3
61.125 -6
61.188 -3
61.250 0
61.312 12
61.375 -3
61.438 -6
61.500 6
61.562 0
61.625 -6
61.688 -3
61.750 0
61.812 -3
61.875 15
61.938 9
62.000 3
62.062 12
62.125 12
62.188 6
62.250 9
62.312 12
62.375 3
62.438 24
62.500 6
62.562 -3
62.625 9
62.688 3
62.750 3
62.812 3
62.875 -12
62.938 -9
63.000 12
63.062 0
63.125 -3
63.188 -3
63.250 6
63.312 3
63.375 -3
63.438 9
63.500 0
63.562 -6
63.625 -3
63.688 3
63.750 3
63.812 -6
63.875 0
63.938 -3
64.000 3
64.062 30
64.125 12
64.188 -3
64.250 15
64.312 12
64.375 9
64.438 3
64.500 6
64.562 3
64.625 3
64.688 9
64.750 0
64.812 -3
64.875 -6
64.938 -6
65.000 -6
65.062 18
65.125 12
65.188 -6
65.250 15
65.312 0
65.375 6
65.438 15
65.500 3
65.562 12
65.625 0
65.688 3
65.750 12
65.812 6
65.875 15
65.938 12
66.000 -3
66.062 15
66.125 21
66.188 -6
66.250 -9
66.312 3
66.375 12
66.438 -3
66.500 3
66.562 12
66.625 12
66.688 3
66.750 0
66.812 -3
66.875 -12
66.938 6
67.000 0
67.062 0
67.125 -3
67.188 -15
67.250 3
67.312 -6
67.375 -9
67.438 0
67.500 -3
67.562 -3
67.625 9
67.688 15
67.750 0
67.812 6
67.875 3
67.938 0
68.000 12
68.062 -6
68.125 18
68.188 12
68.250 -6
68.312 21
68.375 12
68.438 6
68.500 12
68.562 12
68.625 0
68.688 -6
68.750 3
68.812 -6
68.875 0
68.938 -3
69.000 -3
69.062 0
69.125 -3
69.188 18
69.250 3
69.312 3
69.375 0
69.438 -3
69.500 0
69.562 -6
69.625 6
69.688 -6
69.750 -6
69.812 -3
69.875 0
69.938 -3
70.000 -9
70.062 0
70.125 -6
70.188 -6
70.250 0
70.312 0
70.375 9
70.438 0
70.500 -12
70.562 3
70.625 0
70.688 -6
70.750 -3
70.812 -3
70.875 -3
70.938 0
71.000 -3
71.062 3
71.125 -3
71.188 -12
71.250 3
71.312 3
71.375 0
71.438 -6
71.500 0
71.562 12
71.625 -6
71.688 3
71.750 6
71.812 6
71.875 9
71.938 -9
72.000 3
72.062 6
72.125 9
72.188 9
72.250 -3
72.312 9
72.375 3
72.438 -9
72.500 -9
72.562 -3
72.625 -6
72.688 -6
72.750 0
72.812 -3
72.875 -3
72.938 -9
73.000 -9
73.062 0
73.125 -9
73.188 -9
73.250 -6
73.312 6
73.375 6
73.438 -6
73.500 3
73.562 6
73.625 0
73.688 -3
73.750 -6
73.812 -3
73.875 -6
73.938 -3
74.000 -6
74.062 -6
74.125 -3
74.188 0
74.250 -6
74.312 -9
74.375 -6
74.438 -6
74.500 -18
74.562 -9
74.625 -9
74.688 -6
74.750 -3
74.812 -3
74.875 3
74.938 -12
75.000 0
75.062 15
75.125 -6
75.188 -6
75.250 3
75.312 3
75.375 3
75.438 -9
75.500 0
75.562 12
75.625 -3
75.688 3
75.750 3
75.812 6
75.875 -6
75.938 -9
76.000 -6
76.062 -6
76.125 0
76.188 -6
76.250 -9
76.312 6
76.375 3
76.438 0
76.500 0
76.562 -9
76.625 6
76.688 -3
76.750 -12
76.812 3
76.875 -3
76.938 6
77.000 -3
77.062 6
77.125 6
77.188 -15
77.250 -3
77.312 0
77.375 -6
77.438 -6
77.500 -6
77.562 -3
77.625 3
77.688 -6
77.750 -9
77.812 -3
77.875 -9
77.938 3
78.000 -9
78.062 -3
78.125 21
78.188 -3
78.250 -9
78.312 0
78.375 6
78.438 -6
78.500 -3
78.562 9
78.625 -3
78.688 6
78.750 0
78.812 3
78.875 18
78.938 -9
79.000 -9
79.062 3
79.125 -3
79.188 18
79.250 3
79.312 -9
79.375 6
79.438 12
79.500 12
79.562 -6
79.625 -3
79.688 -3
79.750 -6
79.812 3
79.875 0
79.938 0
80.000 -12
80.062 6
80.125 12
80.188 -6
80.250 -6
80.312 -6
80.375 -6
80.438 -3
80.500 -12
80.562 3
80.625 18
80.688 -3
80.750 0
80.812 27
80.875 9
80.938 0
81.000 6
81.062 3
81.125 12
81.188 15
81.250 0
81.312 -3
81.375 0
81.438 -3
81.500 3
81.562 6
81.625 -3
81.688 12
81.750 3
81.812 -9
81.875 9
81.938 0
82.000 -9
82.062 12
82.125 3
82.188 -6
82.250 3
82.312 0
82.375 3
82.438 -6
82.500 -12
82.562 -3
82.625 3
82.688 9
82.750 0
82.812 -6
82.875 0
82.938 -9
83.000 -12
83.062 9
83.125 9
83.188 0
83.250 -3
83.312 -6
83.375 3
83.438 3
83.500 9
83.562 15
83.625 0
83.688 12
83.750 15
83.812 0
83.875 -3
83.938 9
84.000 3
84.062 -12
84.125 -3
84.188 3
84.250 -6
84.312 -3
84.375 6
84.438 9
84.500 3
84.562 0
84.625 3
84.688 3
84.750 -3
84.812 -6
84.875 -6
84.938 -3
85.000 0
85.062 -3
85.125 0
85.188 0
85.250 -6
85.312 -9
85.375 -6
85.438 -6
85.500 -6
85.562 -3
85.625 9
85.688 12
85.750 -9
85.812 6
85.875 3
85.938 3
86.000 -3
86.062 -15
86.125 9
86.188 3
86.250 -9
86.312 0
86.375 0
86.438 -9
86.500 -12
86.562 6
86.625 9
86.688 6
86.750 6
86.812 0
86.875 6
86.938 6
87.000 3
87.062 3
87.125 0
87.188 6
87.250 9
87.312 -6
87.375 -9
87.438 0
87.500 0
87.562 -3
87.625 -9
87.688 0
87.750 3
87.812 -6
87.875 0
87.938 -3
88.000 -6
88.062 0
88.125 6
88.188 12
88.250 6
88.312 3
88.375 3
88.438 3
88.500 12
88.562 -6
88.625 -6
88.688 15
88.750 -3
88.812 0
88.875 9
88.938 0
89.000 -3
89.062 0
89.125 18
89.188 3
89.250 -6
89.312 6
89.375 6
89.438 -3
89.500 -9
89.562 0
89.625 0
89.688 -12
89.750 -3
89.812 -3
89.875 -6
89.938 3
90.000 -9
90.062 -6
90.125 -3
90.188 -12
90.250 -9
90.312 -3
90.375 -6
90.438 -3
90.500 0
90.562 -3
90.625 -6
90.688 -6
90.750 3
90.812 3
90.875 3
90.938 9
91.000 9
91.062 6
91.125 9
91.188 6
91.250 0
91.312 9
91.375 6
91.438 -6
91.500 9
91.562 12
91.625 -6
91.688 0
91.750 6
91.812 3
91.875 3
91.938 15
92.000 15
92.062 -3
92.125 3
92.188 15
92.250 24
92.312 9
92.375 3
92.438 12
92.500 12
92.562 0
92.625 -12
92.688 0
92.750 3
92.812 0
92.875 0
92.938 -12
93.000 -9
93.062 -3
93.125 3
93.188 0
93.250 -6
93.312 -9
93.375 0
93.438 0
93.500 -6
93.562 0
93.625 -6
93.688 3
93.750 6
93.812 -15
93.875 -3
93.938 3
94.000 -3
94.062 -9
94.125 -3
94.188 6
94.250 3
94.312 -3
94.375 3
94.438 9
94.500 -3
94.562 3
94.625 3
94.688 -6
94.750 0
94.812 0
94.875 -3
94.938 9
95.000 18
95.062 3
95.125 -6
95.188 12
95.250 12
95.312 6
95.375 9
95.438 12
95.500 9
95.562 -3
95.625 9
95.688 12
95.750 -6
95.812 9
95.875 21
95.938 12
96.000 30
96.062 3
96.125 6
96.188 15
96.250 12
96.312 21
96.375 -6
96.438 21
96.500 27
96.562 6
96.625 9
96.688 18
96.750 27
96.812 0
96.875 -3
96.938 12
97.000 6
97.062 -3
97.125 -3
97.188 3
97.250 6
97.312 0
97.375 18
97.438 21
97.500 3
97.562 9
97.625 12
97.688 6
97.750 6
97.812 9
97.875 15
97.938 9
98.000 3
98.062 6
98.125 9
98.188 12
98.250 15
98.312 6
98.375 0
98.438 15
98.500 9
98.562 -3
98.625 12
98.688 15
98.750 0
98.812 -3
98.875 6
98.938 6
99.000 0
99.062 3
99.125 9
99.188 18
99.250 3
99.312 0
99.375 12
99.438 6
99.500 15
99.562 9
99.625 -6
99.688 9
99.750 12
99.812 -6
99.875 3
99.938 -3
100.000 3
100.062 6
100.125 -6
100.188 -3
100.250 6
100.312 6
100.375 -6
100.438 0
100.500 6
100.562 -12
100.625 -6
100.688 3
100.750 -3
100.812 -3
100.875 -6
100.938 9
101.000 24
101.062 3
101.125 3
101.188 15
101.250 -3
101.312 0
101.375 0
101.438 0
101.500 15
101.562 6
101.625 12
101.688 27
101.750 15
101.812 9
101.875 15
101.938 9
102.000 6
102.062 30
102.125 6
102.188 3
102.250 12
102.312 -3
102.375 3
102.438 6
102.500 6
102.562 -9
102.625 -3
102.688 -3
102.750 -9
102.812 6
102.875 -3
102.938 0
103.000 6
103.062 -3
103.125 -3
103.188 0
103.250 9
103.312 9
103.375 -6
103.438 3
103.500 15
103.562 0
103.625 0
103.688 0
103.750 3
103.812 -3
103.875 -3
103.938 30
104.000 15
104.062 -12
104.125 9
104.188 18
104.250 15
104.312 15
104.375 0
104.438 9
104.500 18
104.562 9
104.625 12
104.688 9
104.750 15
104.812 6
104.875 3
104.938 12
105.000 6
105.062 12
105.125 6
105.188 3
105.250 9
105.312 6
105.375 0
105.438 0
105.500 3
105.562 12
105.625 12
105.688 0
105.750 9
105.812 12
105.875 3
105.938 -3
106.000 0
106.062 9
106.125 -6
106.188 3
106.250 9
106.312 3
106.375 15
106.438 3
106.500 0
106.562 15
106.625 3
106.688 9
106.750 15
106.812 0
106.875 9
106.938 9
107.000 0
107.062 12
107.125 3
107.188 6
107.250 18
107.312 6
107.375 -3
107.438 -3
107.500 -6
107.562 3
107.625 6
107.688 -15
107.750 0
107.812 9
107.875 0
107.938 -3
108.000 3
108.062 12
108.125 0
108.188 9
108.250 12
108.312 6
108.375 -3
108.438 3
108.500 15
108.562 6
108.625 12
108.688 12
108.750 12
108.812 0
108.875 6
108.938 18
109.000 9
109.062 24
109.125 12
109.188 -9
109.250 21
109.312 21
109.375 -3
109.438 15
109.500 15
109.562 6
109.625 3
109.688 -6
109.750 0
109.812 3
109.875 3
109.938 0
110.000 0
110.062 0
110.125 -3
110.188 -3
110.250 -9
110.312 6
110.375 3
110.438 -6
110.500 -12
110.562 3
110.625 0
110.688 -12
110.750 18
110.812 12
110.875 6
110.938 12
111.000 9
111.062 15
111.125 -3
111.188 9
111.250 27
111.312 9
111.375 6
111.438 12
111.500 15
111.562 18
111.625 6
111.688 6
111.750 9
111.812 3
111.875 0
111.938 0
112.000 21
112.062 6
112.125 -3
112.188 18
112.250 3
112.312 -3
112.375 18
112.438 6
112.500 6
112.562 18
112.625 12
112.688 21
112.750 18
112.812 18
112.875 12
112.938 24
113.000 12
113.062 0
113.125 9
113.188 3
113.250 24
113.312 3
113.375 6
113.438 21
113.500 -6
113.562 0
113.625 3
113.688 -3
113.750 3
113.812 18
113.875 3
113.938 3
114.000 3
114.062 3
114.125 3
114.188 -6
114.250 3
114.312 6
114.375 18
114.438 24
114.500 15
114.562 24
114.625 33
114.688 27
114.750 18
114.812 30
114.875 18
114.938 0
115.000 12
115.062 18
115.125 9
115.188 9
115.250 3
115.312 6
115.375 18
115.438 -6
115.500 0
115.562 15
115.625 9
115.688 9
115.750 -6
115.812 3
115.875 15
115.938 6
116.000 9
116.062 9
116.125 15
116.188 15
116.250 15
116.312 6
116.375 0
116.438 21
116.500 12
116.562 15
116.625 15
116.688 6
116.750 9
116.812 15
116.875 21
116.938 6
117.000 0
117.062 6
117.125 15
117.188 0
117.250 15
117.312 27
117.375 -6
117.438 12
117.500 12
117.562 0
117.625 6
117.688 6
117.750 12
117.812 3
117.875 -3
117.938 3
118.000 0
118.062 3
118.125 6
118.188 0
118.250 21
118.312 30
118.375 6
118.438 9
118.500 9
118.562 0
118.625 0
118.688 3
118.750 12
118.812 12
118.875 9
118.938 -3
119.000 12
119.062 18
119.125 9
119.188 0
119.250 0
119.312 6
119.375 0
119.438 6
119.500 15
119.562 12
119.625 3
119.688 18
119.750 15
119.812 -6
119.875 3
119.938 0
120.000 -6
120.062 -3
120.125 -3
120.188 0
120.250 -3
120.312 12
120.375 21
120.438 9
120.500 0
120.562 12
120.625 12
120.688 -6
120.750 6
120.812 15
120.875 9
120.938 3
121.000 6
121.062 15
121.125 9
121.188 3
121.250 9
121.312 -3
121.375 3
121.438 0
121.500 -21
121.562 3
121.625 0
121.688 -3
121.750 9
121.812 3
121.875 3
121.938 0
122.000 9
122.062 0
122.125 9
122.188 9
122.250 -6
122.312 6
122.375 -6
122.438 -3
122.500 12
122.562 0
122.625 6
122.688 6
122.750 -3
122.812 0
122.875 9
122.938 12
123.000 -6
123.062 -3
123.125 3
123.188 9
123.250 0
123.312 3
123.375 12
123.438 -15
123.500 6
123.562 3
123.625 3
123.688 3
123.750 -18
123.812 3
123.875 -3
123.938 -15
124.000 -6
124.062 -6
124.125 0
124.188 3
124.250 -6
124.312 12
124.375 24
124.438 3
124.500 0
124.562 -6
124.625 -3
124.688 15
124.750 6
124.812 -6
124.875 0
124.938 9
125.000 9
125.062 9
125.125 12
125.188 9
125.250 0
125.312 6
125.375 0
125.438 0
125.500 3
125.562 15
125.625 18
125.688 -6
125.750 0
125.812 6
125.875 6
125.938 -6
126.000 0
126.062 9
126.125 -3
126.188 -6
126.250 -3
126.312 3
126.375 -6
126.438 -6
126.500 -12
126.562 12
126.625 15
126.688 -3
126.750 12
126.812 6
126.875 9
126.938 0
127.000 -3
127.062 -6
127.125 -12
127.188 -3
127.250 -6
127.312 -3
127.375 -9
127.438 0
127.500 -3
127.562 -6
127.625 -6
127.688 -6
127.750 0
127.812 0
127.875 0
127.938 -6
128.000 3
128.062 3
128.125 -3
128.188 18
128.250 3
128.312 6
128.375 30
128.438 12
128.500 0
128.562 3
128.625 9
128.688 12
128.750 12
128.812 6
128.875 -3
128.938 9
129.000 9
129.062 -9
129.125 -3
129.188 3
129.250 6
129.312 0
129.375 9
129.438 9
129.500 24
129.562 21
129.625 0
129.688 12
129.750 9
129.812 15
129.875 6
129.938 3
130.000 21
130.062 3
130.125 0
130.188 6
130.250 21
130.312 0
130.375 3
130.438 30
130.500 9
130.562 0
130.625 12
130.688 3
130.750 -3
130.812 6
130.875 -3
130.938 0
131.000 9
131.062 12
131.125 12
131.188 12
131.250 3
131.312 9
131.375 12
131.438 -6
131.500 9
131.562 0
131.625 6
131.688 15
131.750 -6
131.812 6
131.875 21
131.938 3
132.000 0
132.062 9
132.125 -6
132.188 0
132.250 6
132.312 -6
132.375 9
132.438 6
132.500 -6
132.562 -6
132.625 9
132.688 3
132.750 -3
132.812 3
132.875 -9
132.938 6
133.000 3
133.062 3
133.125 15
133.188 12
133.250 12
133.312 12
133.375 18
133.438 21
133.500 21
133.562 0
133.625 0
133.688 15
133.750 3
133.812 -12
133.875 6
133.938 24
134.000 -3
134.062 -3
134.125 3
134.188 6
134.250 6
134.312 -6
134.375 -3
134.438 0
134.500 -3
134.562 -6
134.625 -6
134.688 3
134.750 -3
134.812 -9
134.875 3
134.938 3
135.000 -9
135.062 -9
135.125 3
135.188 12
135.250 0
135.312 -3
135.375 12
135.438 9
135.500 0
135.562 -6
135.625 3
135.688 0
135.750 -6
135.812 -6
135.875 -6
135.938 -3
136.000 -15
136.062 -3
136.125 3
136.188 -3
136.250 -6
136.312 -6
136.375 12
136.438 -3
136.500 -3
136.562 -6
136.625 -3
136.688 -3
136.750 -15
136.812 6
136.875 -3
136.938 -3
137.000 15
137.062 0
137.125 3
137.188 9
137.250 0
137.312 -3
137.375 -12
137.438 0
137.500 6
137.562 -6
137.625 -3
137.688 0
137.750 9
137.812 6
137.875 0
137.938 3
138.000 6
138.062 3
138.125 0
138.188 9
138.250 0
138.312 3
138.375 9
138.438 15
138.500 15
138.562 9
138.625 15
138.688 0
138.750 12
138.812 6
138.875 0
138.938 6
139.000 -9
139.062 0
139.125 0
139.188 15
139.250 9
139.312 -9
139.375 6
139.438 6
139.500 6
139.562 0
139.625 0
139.688 -3
139.750 -24
139.812 -6
139.875 -3
139.938 -6
140.000 0
140.062 9
140.125 18
140.188 6
140.250 3
140.312 3
140.375 -3
140.438 3
140.500 -6
140.562 -9
140.625 -9
140.688 0
140.750 9
140.812 9
140.875 -9
140.938 12
141.000 24
141.062 -9
141.125 6
141.188 6
141.250 6
141.312 9
141.375 -6
141.438 15
141.500 3
141.562 -3
141.625 24
141.688 21
141.750 24
141.812 9
141.875 -9
141.938 -3
142.000 0
142.062 3
142.125 3
142.188 -3
142.250 -6
142.312 6
142.375 6
142.438 0
142.500 -6
142.562 -3
142.625 9
142.688 6
142.750 -9
142.812 9
142.875 18
142.938 -6
143.000 24
143.062 18
143.125 -6
143.188 6
143.250 6
143.312 3
143.375 -6
143.438 -3
143.500 -3
143.562 -3
143.625 6
143.688 3
143.750 -3
143.812 18
143.875 6
143.938 -6
144.000 21
144.062 6
144.125 3
144.188 6
144.250 -3
144.312 -6
144.375 18
144.438 9
144.500 -6
144.562 0
144.625 -12
144.688 -6
144.750 9
144.812 6
144.875 -30
144.938 0
145.000 9
145.062 -24
145.125 6
145.188 9
145.250 21
145.312 24
145.375 42
145.438 60
145.500 24
145.562 51
145.625 27
145.688 6
145.750 15
145.812 -6
145.875 12
145.938 -6
146.000 -3
146.062 3
146.125 -9
146.188 6
146.250 -15
146.312 -15
146.375 -3
146.438 3
146.500 27
146.562 36
146.625 18
146.688 21
146.750 51
146.812 39
146.875 48
146.938 27
147.000 -9
147.062 -6
147.125 -12
147.188 3
147.250 -12
147.312 -18
147.375 3
147.438 -12
147.500 -6
147.562 15
147.625 12
147.688 15
147.750 -3
147.812 18
147.875 33
147.938 15
148.000 45
148.062 21
148.125 18
148.188 63
148.250 69
148.312 57
148.375 15
148.438 -12
148.500 18
148.562 0
148.625 -39
148.688 6
148.750 -15
148.812 -30
148.875 12
148.938 12
149.000 30
149.062 60
149.125 81
149.188 27
149.250 15
149.312 48
149.375 24
149.438 48
149.500 24
149.562 -15
149.625 6
149.688 -3
149.750 3
149.812 -9
149.875 -9
149.938 -24
150.000 -39
150.062 -6
150.125 -27
150.188 -15
150.250 3
150.312 0
150.375 15
150.438 6
150.500 39
150.562 75
150.625 90
150.688 51
150.750 45
150.812 63
150.875 45
150.938 27
151.000 18
151.062 -24
151.125 -57
151.188 -15
151.250 -63
151.312 -66
151.375 -63
151.438 -93
151.500 -33
151.562 15
151.625 66
151.688 93
151.750 69
151.812 24
151.875 48
151.938 102
152.000 48
152.062 6
152.125 36
152.188 45
152.250 96
152.312 93
152.375 6
152.438 27
152.500 9
152.562 -45
152.625 -72
152.688 -111
152.750 -114
152.812 -84
152.875 -63
152.938 -42
153.000 30
153.062 51
153.125 78
153.188 144
153.250 162
153.312 186
153.375 99
153.438 -9
153.500 6
153.562 -24
153.625 -42
153.688 -75
153.750 -135
153.812 -123
153.875 -54
153.938 -9
154.000 -6
154.062 72
154.125 51
154.188 12
154.250 84
154.312 72
154.375 66
154.438 30
154.500 -42
154.562 -12
154.625 -15
154.688 63
154.750 90
154.812 9
154.875 18
154.938 -33
155.000 30
155.062 66
155.125 0
155.188 0
155.250 -39
155.312 -33
155.375 -6
155.438 51
155.500 0
155.562 -9
155.625 -21
155.688 -123
155.750 6
155.812 -3
155.875 12
155.938 60
156.000 -36
156.062 -6
156.125 75
156.188 180
156.250 207
156.312 162
156.375 60
156.438 45
156.500 105
156.562 78
156.625 45
156.688 -27
156.750 -93
156.812 -75
156.875 -39
156.938 -15
157.000 -18
157.062 -81
157.125 -24
157.188 21
157.250 -42
157.312 9
157.375 -30
157.438 -60
157.500 -6
157.562 -33
157.625 30
157.688 54
157.750 54
157.812 63
157.875 3
157.938 12
158.000 -90
158.062 -84
158.125 174
158.188 174
158.250 204
158.312 228
158.375 141
158.438 549
158.500 459
158.562 108
158.625 183
158.688 -198
158.750 -129
158.812 12
158.875 -288
158.938 -264
159.000 -399
159.062 -282
159.125 -48
159.188 15
159.250 168
159.312 90
159.375 117
159.438 225
159.500 198
159.562 237
159.625 120
159.688 -3
159.750 255
159.812 135
159.875 -102
159.938 57
160.000 -156
160.062 -93
160.125 165
160.188 -3
160.250 33
160.312 -3
160.375 -81
160.438 153
160.500 342
160.562 450
160.625 537
160.688 423
160.750 399
160.812 387
160.875 303
160.938 123
161.000 -369
161.062 -243
161.125 -447
161.188 -585
161.250 -72
161.312 -540
161.375 -348
161.438 33
161.500 -126
161.562 369
161.625 270
161.688 66
161.750 216
161.812 -6
161.875 0
161.938 24
162.000 -57
162.062 51
162.125 192
162.188 273
162.250 60
162.312 72
162.375 -57
162.438 -489
162.500 -492
162.562 -579
162.625 -732
162.688 -471
162.750 -201
162.812 -180
162.875 207
162.938 453
163.000 309
163.062 540
163.125 363
163.188 21
163.250 -21
163.312 -318
163.375 -471
163.438 -345
163.500 -459
163.562 -558
163.625 -210
163.688 6
163.750 -123
163.812 -246
163.875 -84
163.938 -351
164.000 -471
164.062 -168
164.125 -504
164.188 -168
164.250 228
164.312 12
164.375 291
164.438 477
164.500 402
164.562 33
164.625 -195
164.688 -162
164.750 -810
164.812 -846
164.875 -564
164.938 -561
165.000 -180
165.062 -264
165.125 -21
165.188 99
165.250 225
165.312 474
165.375 -126
165.438 -60
165.500 -192
165.562 -303
165.625 78
165.688 -135
165.750 99
165.812 99
165.875 30
165.938 342
166.000 330
166.062 333
166.125 177
166.188 30
166.250 -45
166.312 -54
166.375 -33
166.438 -93
166.500 -84
166.562 -90
166.625 30
166.688 12
166.750 153
166.812 435
166.875 171
166.938 294
167.000 468
167.062 369
167.125 606
167.188 576
167.250 516
167.312 540
167.375 612
167.438 609
167.500 489
167.562 546
167.625 423
167.688 222
167.750 345
167.812 363
167.875 165
167.938 327
168.000 189
168.062 216
168.125 450
168.188 213
168.250 435
168.312 369
168.375 258
168.438 525
168.500 297
168.562 390
168.625 369
168.688 132
168.750 222
168.812 60
168.875 72
168.938 18
169.000 -51
169.062 135
169.125 6
169.188 141
169.250 171
169.312 -117
169.375 9
169.438 -135
169.500 -393
169.562 -390
169.625 -447
169.688 -381
169.750 -477
169.812 -219
169.875 330
169.938 -162
170.000 -12
170.062 342
170.125 -873
170.188 -558
170.250 -519
170.312 -1329
170.375 -657
170.438 -975
170.500 -786
170.562 -549
170.625 -255
170.688 849
170.750 69
170.812 -189
170.875 -267
170.938 -615
171.000 -417
171.062 -711
171.125 -867
171.188 -1392
171.250 -981
171.312 -777
171.375 -501
171.438 117
171.500 -594
171.562 -285
171.625 -474
171.688 -456
171.750 51
171.812 -771
171.875 -822
171.938 -429
172.000 -459
172.062 -417
172.125 219
172.188 45
172.250 -141
172.312 519
172.375 -60
172.438 -78
172.500 39
172.562 -621
172.625 -582
172.688 -882
172.750 -726
172.812 -573
172.875 -597
172.938 -84
173.000 -255
173.062 66
173.125 408
173.188 255
173.250 477
173.312 393
173.375 372
173.438 402
173.500 390
173.562 558
173.625 672
173.688 726
173.750 1116
173.812 1602
173.875 1533
173.938 1767
174.000 1710
174.062 1467
174.125 1542
174.188 1170
174.250 975
174.312 606
174.375 441
174.438 504
174.500 327
174.562 612
174.625 720
174.688 540
174.750 759
174.812 846
174.875 738
174.938 852
175.000 807
175.062 717
175.125 819
175.188 849
175.250 879
175.312 879
175.375 843
175.438 786
175.500 453
175.562 405
175.625 294
175.688 -129
175.750 -174
175.812 -318
175.875 -456
175.938 -342
176.000 -219
176.062 -111
176.125 0
176.188 -30
176.250 78
176.312 117
176.375 -186
176.438 -6
176.500 -204
176.562 -570
176.625 -348
176.688 -504
176.750 -555
176.812 -459
176.875 -453
176.938 -591
177.000 -435
177.062 -396
177.125 -918
177.188 -738
177.250 -876
177.312 -999
177.375 -1098
177.438 -1377
177.500 -984
177.562 -1296
177.625 -1254
177.688 -936
177.750 -1071
177.812 -705
177.875 -1173
177.938 -933
178.000 -609
178.062 -1638
178.125 -636
178.188 -1122
178.250 -2205
178.312 -909
178.375 -1764
178.438 -1899
178.500 -852
178.562 -1560
178.625 -1824
178.688 -1323
178.750 -1476
178.812 -1686
178.875 -1428
178.938 -2139
179.000 -2466
179.062 -2154
179.125 -1926
179.188 -951
179.250 105
179.312 1176
179.375 1875
179.438 2610
179.500 2847
179.562 3252
179.625 4521
179.688 4311
179.750 3837
179.812 2937
179.875 1404
179.938 1065
180.000 978
180.062 342
180.125 -777
180.188 -1671
180.250 -2094
180.312 -1833
180.375 -879
180.438 -639
180.500 -879
180.562 -711
180.625 -21
180.688 945
180.750 1824
180.812 2331
180.875 2133
180.938 2265
181.000 2679
181.062 2793
181.125 2754
181.188 2271
181.250 1491
181.312 729
181.375 282
181.438 -42
181.500 -471
181.562 -1005
181.625 -1395
181.688 -1530
181.750 -1434
181.812 -840
181.875 -303
181.938 -51
182.000 897
182.062 2010
182.125 2661
182.188 3576
182.250 3837
182.312 3066
182.375 2646
182.438 1938
182.500 834
182.562 120
182.625 -948
182.688 -1599
182.750 -1818
182.812 -1617
182.875 -984
182.938 -927
183.000 -270
183.062 153
183.125 204
183.188 957
183.250 999
183.312 1029
183.375 1284
183.438 999
183.500 1104
183.562 1173
183.625 780
183.688 636
183.750 162
183.812 -552
183.875 -753
183.938 -1182
184.000 -1542
184.062 -1488
184.125 -1437
184.188 -1212
184.250 -762
184.312 -126
184.375 249
184.438 420
184.500 723
184.562 606
184.625 111
184.688 186
184.750 -189
184.812 -1329
184.875 -1341
184.938 -1656
185.000 -2553
185.062 -1968
185.125 -1764
185.188 -1956
185.250 -1572
185.312 -1857
185.375 -1242
185.438 -648
185.500 -1317
185.562 -1119
185.625 -1656
185.688 -2007
185.750 -1845
185.812 -1950
185.875 -813
185.938 -2079
186.000 -2067
186.062 -777
186.125 -1986
186.188 -969
186.250 -1170
186.312 -2322
186.375 -2394
186.438 -3204
186.500 -3024
186.562 -3258
186.625 -2412
186.688 -1125
186.750 -321
186.812 1752
186.875 2568
186.938 3231
187.000 4395
187.062 4539
187.125 4470
187.188 4113
187.250 2862
187.312 1785
187.375 1419
187.438 555
187.500 198
187.562 42
187.625 -921
187.688 -927
187.750 -546
187.812 -738
187.875 -732
187.938 -600
188.000 -717
188.062 -651
188.125 192
188.188 729
188.250 1041
188.312 1911
188.375 2361
188.438 2532
188.500 3114
188.562 3129
188.625 2436
188.688 2172
188.750 1542
188.812 579
188.875 216
188.938 -117
189.000 -729
189.062 -807
189.125 -714
189.188 -825
189.250 -255
189.312 213
189.375 1203
189.438 2043
189.500 1968
189.562 2601
189.625 2538
189.688 2148
189.750 2094
189.812 1419
189.875 726
189.938 27
190.000 -222
190.062 -372
190.125 -522
190.188 -336
190.250 -327
190.312 -267
190.375 -36
190.438 255
190.500 288
190.562 504
190.625 582
190.688 606
190.750 1017
190.812 1041
190.875 1092
190.938 1110
191.000 774
191.062 459
191.125 132
191.188 -525
191.250 -837
191.312 -1065
191.375 -1488
191.438 -1206
191.500 -1038
191.562 -714
191.625 -273
191.688 -111
191.750 336
191.812 291
191.875 273
191.938 243
192.000 -246
192.062 -279
192.125 -594
192.188 -1023
192.250 -852
192.312 -1137
192.375 -1515
192.438 -1476
192.500 -1632
192.562 -1632
192.625 -1371
192.688 -1434
192.750 -1761
192.812 -1581
192.875 -1758
192.938 -2103
193.000 -1773
193.062 -2118
193.125 -2067
193.188 -1920
193.250 -1818
193.312 -1371
193.375 -1989
193.438 -1923
193.500 -1605
193.562 -2016
193.625 -2187
193.688 -1818
193.750 -2112
193.812 -2808
193.875 -2274
193.938 -2643
194.000 -2946
194.062 -3030
194.125 -3870
194.188 -3801
194.250 -3003
194.312 -933
194.375 1056
194.438 2853
194.500 4296
194.562 5205
194.625 6813
194.688 7365
194.750 7242
194.812 5829
194.875 3561
194.938 2073
195.000 576
195.062 -501
195.125 -1386
195.188 -2244
195.250 -2811
195.312 -2511
195.375 -1674
195.438 -1086
195.500 -642
195.562 -363
195.625 -66
195.688 372
195.750 1239
195.812 1860
195.875 2196
195.938 2856
196.000 3273
196.062 3600
196.125 4035
196.188 3921
196.250 3168
196.312 2271
196.375 1254
196.438 183
196.500 -588
196.562 -1314
196.625 -1911
196.688 -2187
196.750 -2046
196.812 -1260
196.875 -117
196.938 1416
197.000 2502
197.062 2658
197.125 2982
197.188 2853
197.250 2412
197.312 2154
197.375 1332
197.438 591
197.500 -135
197.562 -306
197.625 -36
197.688 -141
197.750 126
197.812 -144
197.875 -402
197.938 -39
198.000 -39
198.062 204
198.125 399
198.188 342
198.250 783
198.312 1188
198.375 1506
198.438 1827
198.500 1350
198.562 849
198.625 540
198.688 -144
198.750 -537
198.812 -1011
198.875 -1482
198.938 -1551
199.000 -1473
199.062 -918
199.125 -402
199.188 -189
199.250 102
199.312 183
199.375 297
199.438 441
199.500 135
199.562 15
199.625 -294
199.688 -897
199.750 -687
199.812 -801
199.875 -1248
199.938 -1248
200.000 -1581
200.062 -1836
200.125 -1659
200.188 -1656
200.250 -1734
200.312 -1752
200.375 -1857
200.438 -1650
200.500 -1587
200.562 -1209
200.625 -1191
200.688 -1500
200.750 -1086
200.812 -1962
200.875 -2613
200.938 -2085
201.000 -2985
201.062 -3432
201.125 -2478
201.188 -3054
201.250 -2637
201.312 -1671
201.375 -2595
201.438 -1977
201.500 -2091
201.562 -2718
201.625 -2226
201.688 -3228
201.750 -3663
201.812 -4278
201.875 -4173
201.938 -2376
202.000 -648
202.062 2976
202.125 5121
202.188 6183
202.250 8265
202.312 8190
202.375 8409
202.438 8100
202.500 5169
202.562 2313
202.625 135
202.688 -1737
202.750 -2769
202.812 -2715
202.875 -3063
202.938 -3228
203.000 -2343
203.062 -1260
203.125 -261
203.188 615
203.250 987
203.312 408
203.375 1011
203.438 1749
203.500 1914
203.562 3159
203.625 3396
203.688 3423
203.750 4185
203.812 4170
203.875 3849
203.938 3045
204.000 1602
204.062 60
204.125 -1095
204.188 -1800
204.250 -2583
204.312 -2781
204.375 -2505
204.438 -1974
204.500 -705
204.562 1380
204.625 2901
204.688 3504
204.750 3951
204.812 3207
204.875 2979
204.938 2826
205.000 1638
205.062 1233
205.125 255
205.188 -576
205.250 -120
205.312 90
205.375 102
205.438 84
205.500 -216
205.562 -489
205.625 -138
205.688 192
205.750 348
205.812 657
205.875 879
205.938 1290
206.000 1791
206.062 2187
206.125 1860
206.188 1224
206.250 543
206.312 -384
206.375 -957
206.438 -1512
206.500 -1962
206.562 -2055
206.625 -1962
206.688 -1428
206.750 -648
206.812 -3
206.875 519
206.938 606
207.000 630
207.062 627
207.125 330
207.188 138
207.250 -405
207.312 -960
207.375 -1341
207.438 -1581
207.500 -1566
207.562 -1749
207.625 -1884
207.688 -2232
207.750 -2127
207.812 -1911
207.875 -1782
207.938 -1197
208.000 -1581
208.062 -1341
208.125 -927
208.188 -1491
208.250 -1191
208.312 -1359
208.375 -1863
208.438 -2133
208.500 -2649
208.562 -2796
208.625 -3276
208.688 -3381
208.750 -3075
208.812 -3348
208.875 -3108
208.938 -2781
209.000 -3039
209.062 -2268
209.125 -1767
209.188 -2634
209.250 -2136
209.312 -2655
209.375 -4353
209.438 -4446
209.500 -4377
209.562 -2784
209.625 582
209.688 3828
209.750 6090
209.812 7542
209.875 8736
209.938 9423
210.000 10020
210.062 8706
210.125 4890
210.188 1398
210.250 -1233
210.312 -3012
210.375 -3159
210.438 -3453
210.500 -4335
210.562 -3717
210.625 -2448
210.688 -1035
210.750 930
210.812 1515
210.875 897
210.938 1020
211.000 1374
211.062 1836
211.125 2733
211.188 3075
211.250 3147
211.312 3597
211.375 4347
211.438 4545
211.500 4083
211.562 3237
211.625 1374
211.688 -264
211.750 -1191
211.812 -2391
211.875 -3027
211.938 -3102
212.000 -3138
212.062 -2199
212.125 -786
212.188 1053
212.250 3261
212.312 4524
212.375 4956
212.438 4512
212.500 4254
212.562 3720
212.625 2277
212.688 1407
212.750 -183
212.812 -1347
212.875 -1422
212.938 -1434
213.000 -807
213.062 -717
213.125 -570
213.188 -171
213.250 288
213.312 858
213.375 1110
213.438 1518
213.500 1443
213.562 1509
213.625 1929
213.688 1914
213.750 1575
213.812 885
213.875 45
213.938 -813
214.000 -1413
214.062 -2004
214.125 -2493
214.188 -2415
214.250 -2349
214.312 -1740
214.375 -720
214.438 -6
214.500 813
214.562 1035
214.625 1026
214.688 1173
214.750 753
214.812 159
214.875 -249
214.938 -864
215.000 -1560
215.062 -1689
215.125 -1776
215.188 -1989
215.250 -2013
215.312 -2076
215.375 -1950
215.438 -2004
215.500 -1659
215.562 -1323
215.625 -1551
215.688 -618
215.750 -693
215.812 -1038
215.875 -834
215.938 -1368
216.000 -1212
216.062 -2085
216.125 -2523
216.188 -3078
216.250 -3810
216.312 -3309
216.375 -3966
216.438 -2955
216.500 -2589
216.562 -3630
216.625 -2286
216.688 -2373
216.750 -2667
216.812 -1827
216.875 -2802
216.938 -2937
217.000 -3066
217.062 -3975
217.125 -4071
217.188 -4083
217.250 -2175
217.312 342
217.375 3408
217.438 6534
217.500 7491
217.562 8880
217.625 9669
217.688 9393
217.750 8394
217.812 5424
217.875 1896
217.938 -774
218.000 -2520
218.062 -3531
218.125 -3705
218.188 -4122
218.250 -3975
218.312 -2745
218.375 -1176
218.438 411
218.500 993
218.562 1374
218.625 1410
218.688 1491
218.750 2472
218.812 2814
218.875 3141
218.938 3648
219.000 3696
219.062 4173
219.125 4437
219.188 3969
219.250 2943
219.312 1578
219.375 15
219.438 -1269
219.500 -2052
219.562 -2922
219.625 -3105
219.688 -2760
219.750 -2268
219.812 -783
219.875 1152
219.938 2775
220.000 4236
220.062 4836
220.125 4404
220.188 4263
220.250 3753
220.312 2310
220.375 1386
220.438 66
220.500 -1344
220.562 -1368
220.625 -1293
220.688 -939
220.750 -618
220.812 -498
220.875 -3
220.938 357
221.000 978
221.062 1242
221.125 1446
221.188 1563
221.250 1341
221.312 1698
221.375 1539
221.438 1107
221.500 861
221.562 -150
221.625 -954
221.688 -1194
221.750 -1905
221.812 -2217
221.875 -1989
221.938 -2025
222.000 -1449
222.062 -624
222.125 129
222.188 666
222.250 813
222.312 1089
222.375 687
222.438 342
222.500 132
222.562 -678
222.625 -1122
222.688 -1623
222.750 -2016
222.812 -2013
222.875 -1980
222.938 -1812
223.000 -1863
223.062 -1602
223.125 -1575
223.188 -1626
223.250 -1032
223.312 -963
223.375 -945
223.438 -882
223.500 -912
223.562 -1299
223.625 -1755
223.688 -1698
223.750 -2442
223.812 -2970
223.875 -3216
223.938 -3771
224.000 -4155
224.062 -3924
224.125 -3237
224.188 -3552
224.250 -2982
224.312 -2022
224.375 -1902
224.438 -1038
224.500 -1017
224.562 -1608
224.625 -1872
224.688 -2706
224.750 -3546
224.812 -4581
224.875 -5916
224.938 -4704
225.000 -1533
225.062 795
225.125 4512
225.188 7350
225.250 7800
225.312 10074
225.375 11277
225.438 9795
225.500 7758
225.562 4371
225.625 744
225.688 -1611
225.750 -2724
225.812 -3720
225.875 -4461
225.938 -4008
226.000 -3498
226.062 -2175
226.125 -78
226.188 699
226.250 981
226.312 1227
226.375 1140
226.438 1680
226.500 2178
226.562 2478
226.625 3204
226.688 3603
226.750 3948
226.812 4605
226.875 4719
226.938 3984
227.000 2829
227.062 1347
227.125 -423
227.188 -1704
227.250 -2349
227.312 -3231
227.375 -3363
227.438 -2535
227.500 -1836
227.562 -339
227.625 1476
227.688 2529
227.750 3762
227.812 5172
227.875 4620
227.938 4062
228.000 4275
228.062 2085
228.125 1062
228.188 759
228.250 -1065
228.312 -1188
228.375 -1347
228.438 -1524
228.500 -912
228.562 -810
228.625 -99
228.688 471
228.750 609
228.812 1125
228.875 1425
228.938 1623
229.000 1773
229.062 1653
229.125 1629
229.188 1059
229.250 438
229.312 102
229.375 -1041
229.438 -1518
229.500 -1758
229.562 -2571
229.625 -2190
229.688 -1668
229.750 -1512
229.812 -534
229.875 42
229.938 366
230.000 948
230.062 879
230.125 777
230.188 486
230.250 -21
230.312 -546
230.375 -1077
230.438 -1332
230.500 -1893
230.562 -1992
230.625 -1896
230.688 -2340
230.750 -1983
230.812 -1554
230.875 -1983
230.938 -1479
231.000 -711
231.062 -1158
231.125 -723
231.188 -735
231.250 -1452
231.312 -666
231.375 -1443
231.438 -1749
231.500 -1413
231.562 -2646
231.625 -2790
231.688 -3186
231.750 -3270
231.812 -3618
231.875 -3972
231.938 -2931
232.000 -3114
232.062 -3075
232.125 -1677
232.188 -1941
232.250 -3009
232.312 -1986
232.375 -2628
232.438 -3849
232.500 -3333
232.562 -4788
232.625 -6114
232.688 -4380
232.750 -1212
232.812 1404
232.875 4902
232.938 7197
233.000 7740
233.062 10377
233.125 11412
233.188 10218
233.250 8397
233.312 4632
233.375 873
233.438 -933
233.500 -2319
233.562 -4095
233.625 -4224
233.688 -4680
233.750 -4665
233.812 -2286
233.875 -813
233.938 -3
234.000 942
234.062 1179
234.125 1179
234.188 2121
234.250 3120
234.312 2952
234.375 3603
234.438 4464
234.500 4038
234.562 4599
234.625 5094
234.688 3633
234.750 2562
234.812 1407
234.875 -954
234.938 -1842
235.000 -2148
235.062 -3537
235.125 -3348
235.188 -2571
235.250 -2373
235.312 -375
235.375 1143
235.438 1707
235.500 3210
235.562 3492
235.625 3738
235.688 4617
235.750 4536
235.812 3588
235.875 2592
235.938 1998
236.000 264
236.062 -228
236.125 -57
236.188 -1734
236.250 -1764
236.312 -1437
236.375 -1731
236.438 -369
236.500 465
236.562 579
236.625 1374
236.688 1788
236.750 1794
236.812 2175
236.875 2112
236.938 1314
237.000 774
237.062 204
237.125 -651
237.188 -1095
237.250 -1251
237.312 -2076
237.375 -2166
237.438 -1716
237.500 -1938
237.562 -975
237.625 -201
237.688 -183
237.750 399
237.812 777
237.875 948
237.938 921
238.000 825
238.062 261
238.125 -453
238.188 -816
238.250 -1434
238.312 -1695
238.375 -1971
238.438 -2292
238.500 -2577
238.562 -2460
238.625 -1905
238.688 -1989
238.750 -1467
238.812 -1239
238.875 -1113
238.938 -693
239.000 -942
239.062 -681
239.125 -618
239.188 -1248
239.250 -1821
239.312 -1845
239.375 -2874
239.438 -4074
239.500 -4029
239.562 -4392
239.625 -4953
239.688 -4461
239.750 -3402
239.812 -3348
239.875 -1944
239.938 -1149
240.000 -1773
240.062 -1107
240.125 -2451
240.188 -3210
240.250 -3765
240.312 -5631
240.375 -6621
240.438 -5739
240.500 -1668
240.562 1254
240.625 5331
240.688 8970
240.750 9519
240.812 12249
240.875 13104
240.938 11154
241.000 8517
241.062 4164
241.125 -324
241.188 -2901
241.250 -4200
241.312 -5796
241.375 -5877
241.438 -5151
241.500 -4197
241.562 -1875
241.625 198
241.688 1278
241.750 1728
241.812 2184
241.875 1980
241.938 2004
242.000 2847
242.062 2673
242.125 3207
242.188 4257
242.250 4302
242.312 4824
242.375 5013
242.438 4038
242.500 2793
242.562 1059
242.625 -981
242.688 -2715
242.750 -3534
242.812 -4080
242.875 -4488
242.938 -3195
243.000 -2067
243.062 -1089
243.125 1536
243.188 2808
243.250 3102
243.312 4350
243.375 3987
243.438 3492
243.500 3714
243.562 2955
243.625 3045
243.688 1923
243.750 606
243.812 936
243.875 -549
243.938 -927
244.000 -522
244.062 -1611
244.125 -1413
244.188 -915
244.250 -504
244.312 285
244.375 1032
244.438 1722
244.500 1794
244.562 1845
244.625 1950
244.688 1395
244.750 960
244.812 675
244.875 -507
244.938 -990
245.000 -1131
245.062 -1731
245.125 -1404
245.188 -1515
245.250 -1461
245.312 -798
245.375 -558
245.438 72
245.500 525
245.562 792
245.625 831
245.688 735
245.750 699
245.812 72
245.875 -351
245.938 -960
246.000 -1794
246.062 -2121
246.125 -2340
246.188 -2436
246.250 -2064
246.312 -1758
246.375 -1959
246.438 -1179
246.500 -858
246.562 -1047
246.625 -504
246.688 -1023
246.750 -1179
246.812 -1278
246.875 -1605
246.938 -1587
247.000 -2358
247.062 -2559
247.125 -2691
247.188 -3471
247.250 -3531
247.312 -3357
247.375 -4011
247.438 -4410
247.500 -3360
247.562 -3279
247.625 -3645
247.688 -1860
247.750 -2373
247.812 -2997
247.875 -1296
247.938 -3231
248.000 -3747
248.062 -4119
248.125 -6372
248.188 -2136
248.250 750
248.312 2946
248.375 7722
248.438 7320
248.500 9024
248.562 11937
248.625 10941
248.688 9654
248.750 5931
248.812 1536
248.875 -1314
248.938 -3318
249.000 -4185
249.062 -5433
249.125 -5529
249.188 -4476
249.250 -3519
249.312 -966
249.375 1062
249.438 1509
249.500 2541
249.562 2421
249.625 1995
249.688 2907
249.750 2676
249.812 3057
249.875 3666
249.938 3309
250.000 3957
250.062 3954
250.125 3816
250.188 3384
250.250 1596
250.312 282
250.375 -1497
250.438 -2772
250.500 -3000
250.562 -3756
250.625 -3375
250.688 -2496
250.750 -1860
250.812 87
250.875 1845
250.938 2400
251.000 3498
251.062 3960
251.125 3768
251.188 4461
251.250 4131
251.312 2931
251.375 2088
251.438 1161
251.500 84
251.562 -438
251.625 -621
251.688 -1398
251.750 -1551
251.812 -1026
251.875 -822
251.938 -18
252.000 879
252.062 1047
252.125 1407
252.188 2010
252.250 1716
252.312 1503
252.375 1674
252.438 684
252.500 129
252.562 30
252.625 -831
252.688 -1086
252.750 -1113
252.812 -1620
252.875 -1500
252.938 -1092
253.000 -1074
253.062 -441
253.125 231
253.188 300
253.250 684
253.312 981
253.375 768
253.438 678
253.500 396
253.562 -387
253.625 -969
253.688 -1521
253.750 -2034
253.812 -2169
253.875 -2262
253.938 -2136
254.000 -2133
254.062 -1845
254.125 -1278
254.188 -1290
254.250 -960
254.312 -1032
254.375 -1143
254.438 -939
254.500 -1365
254.562 -1521
254.625 -1932
254.688 -2259
254.750 -3021
254.812 -3477
254.875 -3444
254.938 -4176
255.000 -3912
255.062 -3864
255.125 -3447
255.188 -2637
255.250 -2673
255.312 -2049
255.375 -1953
255.438 -2385
255.500 -2781
255.562 -3897
255.625 -4611
255.688 -6009
255.750 -5466
255.812 -1332
255.875 540
255.938 4098
256.000 7629
256.062 7449
256.125 10938
256.188 12144
256.250 10074
256.312 8880
256.375 4536
256.438 618
256.500 -1491
256.562 -3534
256.625 -4980
256.688 -5496
256.750 -5061
256.812 -4323
256.875 -2406
256.938 -267
257.000 738
257.062 1725
257.125 2526
257.188 1929
257.250 2040
257.312 2718
257.375 2199
257.438 3048
257.500 3768
257.562 3237
257.625 4092
257.688 4224
257.750 3546
257.812 3195
257.875 1623
257.938 -351
258.000 -1788
258.062 -2844
258.125 -3543
258.188 -3705
258.250 -3390
258.312 -2817
258.375 -1611
258.438 513
258.500 1842
258.562 2673
258.625 3726
258.688 3771
258.750 3762
258.812 3846
258.875 3843
258.938 3045
259.000 2013
259.062 1650
259.125 675
259.188 -72
259.250 -387
259.312 -951
259.375 -1689
259.438 -1617
259.500 -1161
259.562 -1068
259.625 117
259.688 915
259.750 1344
259.812 2286
259.875 2367
259.938 2442
260.000 2148
260.062 1446
260.125 804
260.188 -222
260.250 -930
260.312 -1428
260.375 -1677
260.438 -1746
260.500 -1767
260.562 -1341
260.625 -936
260.688 -525
260.750 243
260.812 714
260.875 861
260.938 1119
261.000 1230
261.062 945
261.125 519
261.188 213
261.250 -714
261.312 -1575
261.375 -1857
261.438 -2661
261.500 -2748
261.562 -2619
261.625 -2742
261.688 -1968
261.750 -1728
261.812 -1179
261.875 -591
261.938 -738
262.000 -330
262.062 -936
262.125 -1212
262.188 -1239
262.250 -2439
262.312 -2193
262.375 -3060
262.438 -3765
262.500 -2676
262.562 -4194
262.625 -3534
262.688 -2466
262.750 -4500
262.812 -2313
262.875 -2205
262.938 -3867
263.000 -1758
263.062 -3420
263.125 -4347
263.188 -3786
263.250 -5670
263.312 -6372
263.375 -2973
263.438 696
263.500 1881
263.562 7275
263.625 8325
263.688 7893
263.750 12963
263.812 11271
263.875 8739
263.938 7287
264.000 2121
264.062 -1275
264.125 -2349
264.188 -4359
264.250 -6333
264.312 -4986
264.375 -4965
264.438 -4239
264.500 -801
264.562 -45
264.625 861
264.688 2520
264.750 2427
264.812 1956
264.875 2832
264.938 2754
265.000 2376
265.062 3984
265.125 3816
265.188 3414
265.250 4485
265.312 3951
265.375 3123
265.438 2553
265.500 735
265.562 -1479
265.625 -2541
265.688 -3186
265.750 -4296
265.812 -3753
265.875 -2982
265.938 -2862
266.000 -747
266.062 1116
266.125 1746
266.188 3081
266.250 3705
266.312 3480
266.375 3834
266.438 3750
266.500 3078
266.562 2658
266.625 2112
266.688 1617
266.750 948
266.812 408
266.875 123
266.938 -1077
267.000 -1287
267.062 -1140
267.125 -1860
267.188 -984
267.250 -237
267.312 111
267.375 1527
267.438 2145
267.500 2268
267.562 2751
267.625 2568
267.688 1659
267.750 1071
267.812 165
267.875 -1173
267.938 -1395
268.000 -1530
268.062 -1935
268.125 -1386
268.188 -897
268.250 -801
268.312 -3
268.375 708
268.438 576
268.500 978
268.562 1164
268.625 591
268.688 684
268.750 591
268.812 -207
268.875 -639
268.938 -882
269.000 -1722
269.062 -2022
269.125 -1965
269.188 -2574
269.250 -2412
269.312 -1884
269.375 -2052
269.438 -1584
269.500 -687
269.562 -882
269.625 -882
269.688 -33
269.750 -993
269.812 -1092
269.875 -369
269.938 -2979
270.000 -2529
270.062 -1899
270.125 -4563
270.188 -3165
270.250 -3270
270.312 -4842
270.375 -3273
270.438 -3423
270.500 -3744
270.562 -2922
270.625 -2682
270.688 -3042
270.750 -3420
270.812 -3276
270.875 -4365
270.938 -5682
271.000 -4041
271.062 -954
271.125 972
271.188 4830
271.250 7287
271.312 7215
271.375 10620
271.438 11457
271.500 9711
271.562 8589
271.625 4146
271.688 390
271.750 -1278
271.812 -3459
271.875 -5325
271.938 -5601
272.000 -5169
272.062 -4872
272.125 -2445
272.188 -384
272.250 141
272.312 2124
272.375 2820
272.438 2052
272.500 2961
272.562 3015
272.625 2262
272.688 3423
272.750 3729
272.812 3018
272.875 3750
272.938 3822
273.000 2961
273.062 2853
273.125 1596
273.188 -525
273.250 -1719
273.312 -2823
273.375 -3633
273.438 -3678
273.500 -3330
273.562 -3048
273.625 -1998
273.688 -60
273.750 1089
273.812 2418
273.875 3381
273.938 3006
274.000 3438
274.062 3684
274.125 2853
274.188 2643
274.250 2421
274.312 1218
274.375 1071
274.438 879
274.500 -135
274.562 369
274.625 -321
274.688 -846
274.750 -282
274.812 -1062
274.875 -450
274.938 114
275.000 237
275.062 1251
275.125 1335
275.188 1713
275.250 2061
275.312 1713
275.375 1824
275.438 1134
275.500 117
275.562 -189
275.625 -1050
275.688 -1449
275.750 -1170
275.812 -1332
275.875 -1044
275.938 -495
276.000 -105
276.062 498
276.125 906
276.188 1068
276.250 1173
276.312 921
276.375 720
276.438 558
276.500 -153
276.562 -576
276.625 -957
276.688 -1509
276.750 -1725
276.812 -1989
276.875 -1947
276.938 -1953
277.000 -1854
277.062 -1296
277.125 -1071
277.188 -777
277.250 -363
277.312 -393
277.375 -489
277.438 -591
277.500 -1107
277.562 -1401
277.625 -1617
277.688 -2355
277.750 -2619
277.812 -2928
277.875 -3033
277.938 -3012
278.000 -3573
278.062 -3144
278.125 -3153
278.188 -3246
278.250 -2367
278.312 -2661
278.375 -2628
278.438 -2202
278.500 -2901
278.562 -2679
278.625 -2952
278.688 -4110
278.750 -4761
278.812 -5652
278.875 -2634
278.938 507
279.000 1665
279.062 5757
279.125 6786
279.188 7950
279.250 11400
279.312 10248
279.375 8637
279.438 6414
279.500 2310
279.562 -39
279.625 -1890
279.688 -4092
279.750 -5295
279.812 -5121
279.875 -4689
279.938 -3465
280.000 -1458
280.062 -129
280.125 939
280.188 2232
280.250 2481
280.312 2028
280.375 2817
280.438 2559
280.500 2331
280.562 3648
280.625 3033
280.688 3063
280.750 3909
280.812 3216
280.875 3165
280.938 2424
281.000 573
281.062 -810
281.125 -2010
281.188 -2910
281.250 -3366
281.312 -3453
281.375 -3237
281.438 -2451
281.500 -1065
281.562 414
281.625 1617
281.688 2565
281.750 3048
281.812 3294
281.875 3405
281.938 3294
282.000 2955
282.062 2040
282.125 1821
282.188 1302
282.250 468
282.312 825
282.375 60
282.438 -504
282.500 -300
282.562 -987
282.625 -903
282.688 -687
282.750 -471
282.812 3
282.875 495
282.938 1407
283.000 1452
283.062 1980
283.125 2361
283.188 1542
283.250 1614
283.312 855
283.375 -225
283.438 -162
283.500 -1047
283.562 -1482
283.625 -966
283.688 -1356
283.750 -909
283.812 -21
283.875 -147
283.938 411
284.000 801
284.062 633
284.125 834
284.188 762
284.250 660
284.312 270
284.375 -69
284.438 -297
284.500 -990
284.562 -1134
284.625 -1446
284.688 -2031
284.750 -1800
284.812 -1953
284.875 -1866
284.938 -1212
285.000 -1284
285.062 -741
285.125 -354
285.188 -609
285.250 -549
285.312 -561
285.375 -924
285.438 -1203
285.500 -1368
285.562 -2553
285.625 -2148
285.688 -2508
285.750 -3408
285.812 -1971
285.875 -3303
285.938 -3759
286.000 -2217
286.062 -3297
286.125 -3381
286.188 -1938
286.250 -3153
286.312 -3690
286.375 -2454
286.438 -3549
286.500 -3810
286.562 -3390
286.625 -5166
286.688 -4851
286.750 -822
286.812 864
286.875 3147
286.938 7383
287.000 6891
287.062 8823
287.125 11376
287.188 8922
287.250 7680
287.312 5241
287.375 1062
287.438 -1248
287.500 -2601
287.562 -4938
287.625 -5577
287.688 -4392
287.750 -4650
287.812 -2961
287.875 -675
287.938 -36
288.000 1335
288.062 2697
288.125 2496
288.188 2343
288.250 3033
288.312 2544
288.375 2772
288.438 3867
288.500 3201
288.562 3075
288.625 3603
288.688 2874
288.750 2289
288.812 1599
288.875 -177
288.938 -1761
289.000 -2436
289.062 -3396
289.125 -3723
289.188 -3057
289.250 -2904
289.312 -2031
289.375 -303
289.438 822
289.500 1992
289.562 3117
289.625 3120
289.688 3225
289.750 3336
289.812 2739
289.875 2448
289.938 2076
290.000 1152
290.062 984
290.125 723
290.188 -177
290.250 159
290.312 -243
290.375 -1002
290.438 -501
290.500 -831
290.562 -867
290.625 -159
290.688 126
290.750 480
290.812 1083
290.875 1755
290.938 1842
291.000 2097
291.062 2196
291.125 1254
291.188 882
291.250 351
291.312 -654
291.375 -669
291.438 -885
291.500 -1413
291.562 -966
291.625 -702
291.688 -588
291.750 255
291.812 537
291.875 453
291.938 852
292.000 879
292.062 582
292.125 756
292.188 498
292.250 -189
292.312 -252
292.375 -543
292.438 -1113
292.500 -1116
292.562 -1302
292.625 -1794
292.688 -1665
292.750 -1533
292.812 -1695
292.875 -1206
292.938 -999
293.000 -1074
293.062 -498
293.125 -774
293.188 -687
293.250 -261
293.312 -1236
293.375 -984
293.438 -1347
293.500 -2406
293.562 -1737
293.625 -2628
293.688 -2874
293.750 -2607
293.812 -3693
293.875 -3084
293.938 -2784
294.000 -3288
294.062 -2892
294.125 -2496
294.188 -3129
294.250 -2661
294.312 -2139
294.375 -2784
294.438 -2628
294.500 -3549
294.562 -4311
294.625 -4701
294.688 -2166
294.750 831
294.812 1776
294.875 5907
294.938 6366
295.000 7362
295.062 10944
295.125 8997
295.188 7818
295.250 5835
295.312 1653
295.375 -444
295.438 -2163
295.500 -4260
295.562 -5160
295.625 -4557
295.688 -4506
295.750 -3219
295.812 -1014
295.875 63
295.938 1278
296.000 2517
296.062 2616
296.125 2184
296.188 2928
296.250 2625
296.312 2217
296.375 3435
296.438 2709
296.500 2499
296.562 3390
296.625 2448
296.688 2256
296.750 1929
296.812 78
296.875 -1125
296.938 -1962
297.000 -2958
297.062 -3189
297.125 -3048
297.188 -2877
297.250 -2127
297.312 -855
297.375 567
297.438 1539
297.500 2628
297.562 3069
297.625 2754
297.688 3066
297.750 2607
297.812 1965
297.875 1773
297.938 813
298.000 348
298.062 594
298.125 72
298.188 -30
298.250 189
298.312 -372
298.375 -117
298.438 -6
298.500 -276
298.562 129
298.625 117
298.688 348
298.750 684
298.812 729
298.875 999
298.938 1041
299.000 1173
299.062 1056
299.125 789
299.188 726
299.250 189
299.312 -36
299.375 -66
299.438 -450
299.500 -396
299.562 -258
299.625 -240
299.688 183
299.750 417
299.812 477
299.875 696
299.938 591
300.000 456
300.062 447
300.125 90
300.188 -231
300.250 -345
300.312 -678
300.375 -795
300.438 -777
300.500 -933
300.562 -960
300.625 -867
300.688 -846
300.750 -918
300.812 -900
300.875 -930
300.938 -942
301.000 -1050
301.062 -1041
301.125 -825
301.188 -1308
301.250 -1044
301.312 -855
301.375 -1665
301.438 -1095
301.500 -1395
301.562 -1962
301.625 -1377
301.688 -2022
301.750 -2712
301.812 -2601
301.875 -3012
301.938 -3630
302.000 -2664
302.062 -3060
302.125 -3537
302.188 -1857
302.250 -2916
302.312 -2706
302.375 -1533
302.438 -3345
302.500 -2985
302.562 -3603
302.625 -4614
302.688 -1236
302.750 291
302.812 1740
302.875 4974
302.938 5277
303.000 6990
303.062 9063
303.125 8028
303.188 6843
303.250 4815
303.312 2085
303.375 -234
303.438 -1959
303.500 -3396
303.562 -4407
303.625 -4011
303.688 -3717
303.750 -2916
303.812 -957
303.875 102
303.938 978
304.000 2316
304.062 2160
304.125 2058
304.188 2694
304.250 2055
304.312 2313
304.375 2829
304.438 2283
304.500 2571
304.562 2688
304.625 2382
304.688 2220
304.750 1587
304.812 414
304.875 -885
304.938 -1668
305.000 -2304
305.062 -2787
305.125 -2667
305.188 -2520
305.250 -2019
305.312 -720
305.375 357
305.438 1305
305.500 2262
305.562 2460
305.625 2499
305.688 2667
305.750 2265
305.812 1716
305.875 1362
305.938 540
306.000 132
306.062 228
306.125 -111
306.188 78
306.250 159
306.312 -21
306.375 132
306.438 102
306.500 510
306.562 675
306.625 717
306.688 1059
306.750 756
306.812 711
306.875 882
306.938 606
307.000 444
307.062 270
307.125 -153
307.188 -249
307.250 -126
307.312 -120
307.375 153
307.438 273
307.500 315
307.562 546
307.625 687
307.688 855
307.750 894
307.812 783
307.875 579
307.938 330
308.000 135
308.062 3
308.125 -240
308.188 -513
308.250 -618
308.312 -831
308.375 -834
308.438 -786
308.500 -762
308.562 -633
308.625 -729
308.688 -588
308.750 -567
308.812 -618
308.875 -549
308.938 -669
309.000 -1029
309.062 -1056
309.125 -819
309.188 -1671
309.250 -1458
309.312 -1041
309.375 -2274
309.438 -1677
309.500 -1260
309.562 -2598
309.625 -1536
309.688 -1257
309.750 -3072
309.812 -1869
309.875 -2187
309.938 -3861
310.000 -2292
310.062 -3300
310.125 -4182
310.188 -2742
310.250 -3735
310.312 -4026
310.375 -3333
310.438 -4332
310.500 -4131
310.562 -717
310.625 849
310.688 2193
310.750 5505
310.812 5496
310.875 6957
310.938 9381
311.000 7683
311.062 6201
311.125 4899
311.188 1779
311.250 -411
311.312 -1311
311.375 -3654
311.438 -4629
311.500 -3795
311.562 -4284
311.625 -3174
311.688 -1278
311.750 -720
311.812 480
311.875 1893
311.938 1929
312.000 2106
312.062 2961
312.125 2445
312.188 2742
312.250 3426
312.312 2685
312.375 2769
312.438 2865
312.500 2283
312.562 1851
312.625 1302
312.688 30
312.750 -1296
312.812 -1824
312.875 -2616
312.938 -3003
313.000 -2568
313.062 -2637
313.125 -2127
313.188 -657
313.250 261
313.312 1125
313.375 2271
313.438 2367
313.500 2463
313.562 2850
313.625 2184
313.688 1851
313.750 1497
313.812 537
313.875 216
313.938 -72
314.000 -417
314.062 -468
314.125 -516
314.188 -372
314.250 -285
314.312 42
314.375 330
314.438 192
314.500 633
314.562 690
314.625 825
314.688 1485
314.750 1149
314.812 1218
314.875 1401
314.938 663
315.000 543
315.062 393
315.125 -450
315.188 -561
315.250 -549
315.312 -1023
315.375 -642
315.438 -180
315.500 -54
315.562 678
315.625 1128
315.688 1260
315.750 1515
315.812 1488
315.875 1218
315.938 930
316.000 573
316.062 -81
316.125 -408
316.188 -639
316.250 -993
316.312 -903
316.375 -897
316.438 -918
316.500 -732
316.562 -651
316.625 -594
316.688 -471
316.750 -489
316.812 -546
316.875 -558
316.938 -651
317.000 -624
317.062 -648
317.125 -951
317.188 -1059
317.250 -834
317.312 -1581
317.375 -1905
317.438 -1800
317.500 -2781
317.562 -2457
317.625 -2610
317.688 -3036
317.750 -2661
317.812 -3171
317.875 -2439
317.938 -2550
318.000 -3048
318.062 -2298
318.125 -3309
318.188 -3636
318.250 -3387
318.312 -4410
318.375 -2766
318.438 -423
318.500 492
318.562 3480
318.625 5067
318.688 5664
318.750 8058
318.812 7611
318.875 6480
318.938 5586
319.000 2727
319.062 549
319.125 -1155
319.188 -2856
319.250 -3912
319.312 -4113
319.375 -3723
319.438 -3249
319.500 -1812
319.562 -456
319.625 153
319.688 1401
319.750 2004
319.812 1680
319.875 2268
319.938 2241
320.000 1866
320.062 2676
320.125 2466
320.188 2256
320.250 2823
320.312 2319
320.375 2013
320.438 1737
320.500 597
320.562 -405
320.625 -1293
320.688 -2229
320.750 -2718
320.812 -2787
320.875 -2637
320.938 -2178
321.000 -1290
321.062 -210
321.125 684
321.188 1689
321.250 2337
321.312 2406
321.375 2577
321.438 2295
321.500 1731
321.562 1407
321.625 687
321.688 132
321.750 -27
321.812 -465
321.875 -531
321.938 -489
322.000 -657
322.062 -447
322.125 -279
322.188 -63
322.250 135
322.312 246
322.375 486
322.438 582
322.500 822
322.562 993
322.625 1275
322.688 1413
322.750 1158
322.812 1179
322.875 846
322.938 456
323.000 207
323.062 -261
323.125 -567
323.188 -888
323.250 -804
323.312 -666
323.375 -519
323.438 81
323.500 294
323.562 582
323.625 1032
323.688 1056
323.750 1095
323.812 1080
323.875 765
323.938 561
324.000 330
324.062 -123
324.125 -180
324.188 -399
324.250 -657
324.312 -555
324.375 -702
324.438 -735
324.500 -597
324.562 -561
324.625 -708
324.688 -681
324.750 -588
324.812 -942
324.875 -936
324.938 -741
325.000 -1143
325.062 -1164
325.125 -1188
325.188 -1653
325.250 -1371
325.312 -1491
325.375 -2091
325.438 -1944
325.500 -2523
325.562 -3087
325.625 -2706
325.688 -3387
325.750 -3717
325.812 -3396
325.875 -4227
325.938 -4188
326.000 -2961
326.062 -1950
326.125 -531
326.188 1515
326.250 2727
326.312 3729
326.375 5496
326.438 5760
326.500 5469
326.562 5475
326.625 3873
326.688 2355
326.750 1326
326.812 -402
326.875 -1548
326.938 -1899
327.000 -2685
327.062 -2919
327.125 -2220
327.188 -2124
327.250 -1542
327.312 -432
327.375 -165
327.438 330
327.500 1071
327.562 1227
327.625 1725
327.688 2454
327.750 2538
327.812 2724
327.875 3045
327.938 2670
328.000 2424
328.062 2244
328.125 1263
328.188 387
328.250 -369
328.312 -1362
328.375 -1974
328.438 -2163
328.500 -2454
328.562 -2343
328.625 -1683
328.688 -1239
328.750 -471
328.812 525
328.875 1035
328.938 1473
329.000 1947
329.062 1947
329.125 1938
329.188 1965
329.250 1476
329.312 1185
329.375 921
329.438 438
329.500 261
329.562 -57
329.625 -402
329.688 -615
329.750 -846
329.812 -900
329.875 -948
329.938 -762
330.000 -354
330.062 -66
330.125 297
330.188 855
330.250 1059
330.312 1395
330.375 1974
330.438 1635
330.500 1512
330.562 1284
330.625 495
330.688 354
330.750 -132
330.812 -591
330.875 -708
330.938 -945
331.000 -849
331.062 -651
331.125 -306
331.188 -96
331.250 66
331.312 339
331.375 369
331.438 513
331.500 612
331.562 456
331.625 429
331.688 327
331.750 72
331.812 15
331.875 -102
331.938 -399
332.000 -426
332.062 -558
332.125 -807
332.188 -669
332.250 -834
332.312 -942
332.375 -798
332.438 -948
332.500 -801
332.562 -843
332.625 -924
332.688 -873
332.750 -1170
332.812 -1143
332.875 -1365
332.938 -1650
333.000 -1620
333.062 -1908
333.125 -2025
333.188 -2184
333.250 -2358
333.312 -2580
333.375 -2652
333.438 -2706
333.500 -2949
333.562 -1296
333.625 234
333.688 1314
333.750 3228
333.812 3297
333.875 4164
333.938 5430
334.000 4653
334.062 4149
334.125 2907
334.188 1116
334.250 99
334.312 -960
334.375 -2040
334.438 -2511
334.500 -2532
334.562 -2574
334.625 -2019
334.688 -1275
334.750 -843
334.812 -246
334.875 465
334.938 684
335.000 828
335.062 1305
335.125 1293
335.188 1710
335.250 2328
335.312 2196
335.375 2442
335.438 2478
335.500 1998
335.562 1845
335.625 1248
335.688 243
335.750 -603
335.812 -1518
335.875 -2199
335.938 -2382
336.000 -2364
336.062 -2220
336.125 -1779
336.188 -1020
336.250 -168
336.312 693
336.375 1434
336.438 1755
336.500 1983
336.562 2043
336.625 1821
336.688 1617
336.750 1257
336.812 768
336.875 429
336.938 180
337.000 -165
337.062 -279
337.125 -438
337.188 -684
337.250 -720
337.312 -960
337.375 -1140
337.438 -951
337.500 -819
337.562 -693
337.625 -270
337.688 90
337.750 486
337.812 1044
337.875 1398
337.938 1473
338.000 1488
338.062 1296
338.125 774
338.188 678
338.250 441
338.312 -117
338.375 -240
338.438 -624
338.500 -714
338.562 -420
338.625 -492
338.688 -387
338.750 -222
338.812 -222
338.875 -99
338.938 36
339.000 30
339.062 177
339.125 198
339.188 132
339.250 216
339.312 273
339.375 372
339.438 321
339.500 396
339.562 171
339.625 -27
339.688 39
339.750 -402
339.812 -297
339.875 -441
339.938 -744
340.000 -438
340.062 -609
340.125 -387
340.188 -132
340.250 -138
340.312 111
340.375 54
340.438 36
340.500 132
340.562 3
340.625 -234
340.688 -333
340.750 -525
340.812 -615
340.875 -567
340.938 -507
341.000 -348
341.062 -345
341.125 -153
341.188 -201
341.250 -201
341.312 -6
341.375 -345
341.438 -258
341.500 -177
341.562 -522
341.625 -324
341.688 -198
341.750 -204
341.812 12
341.875 6
341.938 33
342.000 -21
342.062 -75
342.125 -195
342.188 -429
342.250 -378
342.312 -675
342.375 -753
342.438 -435
342.500 -360
342.562 -48
342.625 255
342.688 444
342.750 717
342.812 942
342.875 990
342.938 972
343.000 993
343.062 777
343.125 666
343.188 663
343.250 528
343.312 486
343.375 522
343.438 507
343.500 507
343.562 597
343.625 495
343.688 444
343.750 474
343.812 270
343.875 225
343.938 261
344.000 159
344.062 261
344.125 423
344.188 471
344.250 615
344.312 735
344.375 714
344.438 735
344.500 690
344.562 450
344.625 318
344.688 168
344.750 -30
344.812 -96
344.875 -177
344.938 -228
345.000 -174
345.062 -102
345.125 -90
345.188 -39
345.250 -15
345.312 -105
345.375 -210
345.438 -276
345.500 -432
345.562 -603
345.625 -681
345.688 -789
345.750 -891
345.812 -837
345.875 -876
345.938 -945
346.000 -873
346.062 -945
346.125 -987
346.188 -996
346.250 -1062
346.312 -1341
346.375 -1506
346.438 -1701
346.500 -2022
346.562 -2046
346.625 -2160
346.688 -2637
346.750 -2190
346.812 18
346.875 1029
346.938 2133
347.000 3114
347.062 2358
347.125 4053
347.188 4359
347.250 2613
347.312 2235
347.375 579
347.438 -546
347.500 -804
347.562 -1788
347.625 -2175
347.688 -1686
347.750 -1395
347.812 -1281
347.875 -480
347.938 -156
348.000 15
348.062 546
348.125 561
348.188 291
348.250 504
348.312 723
348.375 621
348.438 1470
348.500 1776
348.562 1590
348.625 2196
348.688 1788
348.750 1362
348.812 1410
348.875 411
348.938 -462
349.000 -1041
349.062 -1953
349.125 -2094
349.188 -1773
349.250 -1755
349.312 -1362
349.375 -669
349.438 -72
349.500 690
349.562 1293
349.625 1422
349.688 1440
349.750 1449
349.812 1143
349.875 834
349.938 702
350.000 321
350.062 75
350.125 84
350.188 -90
350.250 -150
350.312 -51
350.375 -324
350.438 -540
350.500 -597
350.562 -882
350.625 -975
350.688 -942
350.750 -906
350.812 -591
350.875 -171
350.938 117
351.000 543
351.062 1014
351.125 1260
351.188 1410
351.250 1317
351.312 999
351.375 687
351.438 327
351.500 -150
351.562 -447
351.625 -663
351.688 -885
351.750 -858
351.812 -738
351.875 -558
351.938 -324
352.000 -177
352.062 -108
352.125 15
352.188 111
352.250 87
352.312 117
352.375 180
352.438 222
352.500 363
352.562 480
352.625 522
352.688 690
352.750 717
352.812 501
352.875 372
352.938 156
353.000 -126
353.062 -318
353.125 -603
353.188 -762
353.250 -708
353.312 -630
353.375 -534
353.438 -291
353.500 9
353.562 210
353.625 405
353.688 459
353.750 480
353.812 534
353.875 402
353.938 240
354.000 210
354.062 111
354.125 15
354.188 3
354.250 -78
354.312 -3
354.375 3
354.438 -138
354.500 -132
354.562 -189
354.625 -189
354.688 -243
354.750 -330
354.812 -228
354.875 -126
354.938 -9
355.000 12
355.062 174
355.125 399
355.188 396
355.250 444
355.312 429
355.375 381
355.438 285
355.500 114
355.562 -81
355.625 -168
355.688 -219
355.750 -342
355.812 -267
355.875 -243
355.938 -249
356.000 -60
356.062 -3
356.125 39
356.188 135
356.250 54
356.312 81
356.375 153
356.438 93
356.500 93
356.562 120
356.625 120
356.688 159
356.750 195
356.812 201
356.875 273
356.938 225
357.000 102
357.062 33
357.125 -33
357.188 -78
357.250 -210
357.312 -264
357.375 -255
357.438 -225
357.500 -78
357.562 -72
357.625 -51
357.688 150
357.750 189
357.812 174
357.875 243
357.938 177
358.000 150
358.062 168
358.125 36
358.188 27
358.250 15
358.312 -39
358.375 12
358.438 9
358.500 -3
358.562 -3
358.625 3
358.688 -24
358.750 -3
358.812 -18
358.875 -90
358.938 -45
359.000 -75
359.062 -45
359.125 54
359.188 75
359.250 96
359.312 105
359.375 180
359.438 192
359.500 165
359.562 102
359.625 33
359.688 60
359.750 6
359.812 -36
359.875 -27
359.938 -30
360.000 -12
360.062 -15
360.125 -36
360.188 12
360.250 36
360.312 -75
360.375 -45
360.438 9
360.500 -18
360.562 60
360.625 60
360.688 66
360.750 198
360.812 195
360.875 135
360.938 168
361.000 129
361.062 75
361.125 21
361.188 -75
361.250 -93
361.312 -108
361.375 -204
361.438 -159
361.500 -75
361.562 -99
361.625 -54
361.688 -21
361.750 105
361.812 174
361.875 93
361.938 144
362.000 168
362.062 171
362.125 138
362.188 36
362.250 75
362.312 69
362.375 -24
362.438 -3
362.500 -39
362.562 -60
362.625 -30
362.688 -108
362.750 -63
362.812 -36
362.875 -69
362.938 -12
363.000 -12
363.062 69
363.125 96
363.188 54
363.250 129
363.312 171
363.375 231
363.438 186
363.500 96
363.562 132
363.625 102
363.688 36
363.750 -18
363.812 -57
363.875 -54
363.938 -39
364.000 -102
364.062 -99
364.125 21
364.188 30
364.250 39
364.312 33
364.375 39
364.438 126
364.500 114
364.562 57
364.625 51
364.688 66
364.750 36
364.812 39
364.875 48
364.938 15
365.000 36
365.062 9
365.125 -36
365.188 -9
365.250 0
365.312 -33
365.375 -36
365.438 -12
365.500 -6
365.562 42
365.625 66
365.688 99
365.750 162
365.812 117
365.875 111
365.938 147
366.000 123
366.062 75
366.125 -3
366.188 -33
366.250 -42
366.312 -66
366.375 -63
366.438 -60
366.500 -3
366.562 -9
366.625 3
366.688 48
366.750 51
366.812 96
366.875 54
366.938 15
367.000 15
367.062 30
367.125 57
367.188 48
367.250 72
367.312 93
367.375 99
367.438 99
367.500 117
367.562 66
367.625 6
367.688 30
367.750 -21
367.812 -18
367.875 -15
367.938 -42
368.000 -9
368.062 -9
368.125 48
368.188 39
368.250 63
368.312 147
368.375 87
368.438 81
368.500 87
368.562 51
368.625 42
368.688 30
368.750 21
368.812 -3
368.875 -24
368.938 0
369.000 21
369.062 0
369.125 0
369.188 15
369.250 0
369.312 -6
369.375 18
369.438 21
369.500 6
369.562 24
369.625 9
369.688 24
369.750 96
369.812 102
369.875 102
369.938 114
370.000 96
370.062 90
370.125 27
370.188 -6
370.250 -18
370.312 -42
370.375 -27
370.438 -78
370.500 -57
370.562 -6
370.625 -6
370.688 33
370.750 30
370.812 -6
370.875 33
370.938 90
371.000 42
371.062 36
371.125 66
371.188 75
371.250 81
371.312 39
371.375 72
371.438 102
371.500 39
371.562 18
371.625 15
371.688 6
371.750 -9
371.812 -36
371.875 -24
371.938 0
372.000 -3
372.062 -6
372.125 0
372.188 33
372.250 51
372.312 36
372.375 9
372.438 21
372.500 51
372.562 18
372.625 9
372.688 30
372.750 33
372.812 30
372.875 9
372.938 30
373.000 51
373.062 21
373.125 6
373.188 6
373.250 3
373.312 9
373.375 -9
373.438 3
373.500 39
373.562 15
373.625 21
373.688 42
373.750 48
373.812 60
373.875 30
373.938 30
374.000 27
374.062 12
374.125 30
374.188 3
374.250 -6
374.312 15
374.375 0
374.438 -12
374.500 3
374.562 -3
374.625 -12
374.688 -3
374.750 -21
374.812 3
374.875 15
374.938 3
375.000 21
375.062 54
375.125 60
375.188 60
375.250 102
375.312 78
375.375 69
375.438 60
375.500 27
375.562 18
375.625 3
375.688 6
375.750 -9
375.812 6
375.875 12
375.938 -6
376.000 21
376.062 45
376.125 21
376.188 9
376.250 33
376.312 6
376.375 0
376.438 30
376.500 24
376.562 18
376.625 42
376.688 54
376.750 66
376.812 66
376.875 45
376.938 45
377.000 54
377.062 24
377.125 -6
377.188 -3
377.250 -12
377.312 -9
377.375 -3
377.438 -9
377.500 15
377.562 12
377.625 6
377.688 42
377.750 48
377.812 30
377.875 45
377.938 48
378.000 36
378.062 33
378.125 24
378.188 45
378.250 33
378.312 27
378.375 39
378.438 9
378.500 9
378.562 9
378.625 0
378.688 -9
378.750 -6
378.812 -3
378.875 0
378.938 3
379.000 -6
379.062 42
379.125 57
379.188 42
379.250 78
379.312 66
379.375 63
379.438 75
379.500 48
379.562 39
379.625 9
379.688 0
379.750 6
379.812 9
379.875 -18
379.938 -9
380.000 39
380.062 6
380.125 3
380.188 42
380.250 33
380.312 21
380.375 21
380.438 36
380.500 39
380.562 30
380.625 27
380.688 27
380.750 54
380.812 27
380.875 15
380.938 57
381.000 39
381.062 51
381.125 63
381.188 24
381.250 30
381.312 18
381.375 -12
381.438 3
381.500 -6
381.562 -12
381.625 -3
381.688 9
381.750 12
381.812 12
381.875 45
381.938 48
382.000 42
382.062 45
382.125 48
382.188 45
382.250 48
382.312 15
382.375 15
382.438 33
382.500 -21
382.562 9
382.625 18
382.688 -9
382.750 39
382.812 48
382.875 48
382.938 45
383.000 30
383.062 51
383.125 39
383.188 27
383.250 30
383.312 9
383.375 18
383.438 18
383.500 15
383.562 39
383.625 36
383.688 33
383.750 45
383.812 33
383.875 27
383.938 18
384.000 21
384.062 12
384.125 -3
384.188 9
384.250 3
384.312 15
384.375 18
384.438 36
384.500 33
384.562 33
384.625 48
384.688 33
384.750 45
384.812 30
384.875 15
384.938 12
385.000 3
385.062 15
385.125 0
385.188 12
385.250 45
385.312 45
385.375 51
385.438 72
385.500 63
385.562 45
385.625 51
385.688 39
385.750 21
385.812 6
385.875 0
385.938 3
386.000 -3
386.062 -3
386.125 9
386.188 -3
386.250 12
386.312 45
386.375 12
386.438 24
386.500 27
386.562 24
386.625 39
386.688 9
386.750 48
386.812 24
386.875 6
386.938 45
387.000 33
387.062 33
387.125 27
387.188 27
387.250 21
387.312 -3
387.375 0
387.438 6
387.500 -6
387.562 -3
387.625 0
387.688 -3
387.750 3
387.812 24
387.875 39
387.938 36
388.000 45
388.062 54
388.125 54
388.188 30
388.250 15
388.312 18
388.375 18
388.438 6
388.500 15
388.562 30
388.625 12
388.688 9
388.750 6
388.812 12
388.875 21
388.938 9
389.000 9
389.062 9
389.125 30
389.188 36
389.250 15
389.312 27
389.375 42
389.438 48
389.500 39
389.562 27
389.625 24
389.688 15
389.750 21
389.812 6
389.875 0
389.938 21
390.000 6
390.062 0
390.125 0
390.188 3
390.250 6
390.312 21
390.375 12
390.438 0
390.500 48
390.562 33
390.625 30
390.688 42
390.750 51
390.812 48
390.875 3
390.938 12
391.000 6
391.062 -6
391.125 -12
391.188 -15
391.250 -15
391.312 -12
391.375 -6
391.438 0
391.500 27
391.562 30
391.625 36
391.688 66
391.750 45
391.812 42
391.875 54
391.938 27
392.000 27
392.062 18
392.125 -6
392.188 6
392.250 9
392.312 -3
392.375 -3
392.438 6
392.500 3
392.562 -3
392.625 6
392.688 15
392.750 -6
392.812 12
392.875 24
392.938 12
393.000 33
393.062 36
393.125 39
393.188 36
393.250 27
393.312 33
393.375 30
393.438 12
393.500 -6
393.562 -6
393.625 -6
393.688 0
393.750 -15
393.812 -6
393.875 9
393.938 9
394.000 18
394.062 18
394.125 45
394.188 27
394.250 30
394.312 42
394.375 15
394.438 18
394.500 15
394.562 15
394.625 -6
394.688 -6
394.750 -3
394.812 -6
394.875 6
394.938 3
395.000 15
395.062 9
395.125 36
395.188 45
395.250 18
395.312 42
395.375 24
395.438 9
395.500 45
395.562 51
395.625 21
395.688 18
395.750 30
395.812 6
395.875 30
395.938 39
396.000 15
396.062 12
396.125 -3
396.188 0
396.250 -3
396.312 -3
396.375 9
396.438 9
396.500 18
396.562 45
396.625 63
396.688 45
396.750 36
396.812 66
396.875 51
396.938 24
397.000 33
397.062 9
397.125 15
397.188 9
397.250 0
397.312 12
397.375 6
397.438 -3
397.500 12
397.562 24
397.625 15
397.688 33
397.750 12
397.812 27
397.875 39
397.938 27
398.000 36
398.062 15
398.125 39
398.188 39
398.250 54
398.312 63
398.375 30
398.438 48
398.500 21
398.562 6
398.625 18
398.688 0
398.750 -3
398.812 -15
398.875 -18
398.938 -6
399.000 -3
399.062 0
399.125 -9
399.188 12
399.250 3
399.312 -3
399.375 36
399.438 36
399.500 42
399.562 39
399.625 54
399.688 60
399.750 66
399.812 60
399.875 36
399.938 36
400.000 15
400.062 -9
400.125 -6
400.188 -15
400.250 -18
400.312 -6
400.375 -3
400.438 -6
400.500 6
400.562 42
400.625 36
400.688 45
400.750 60
400.812 27
400.875 39
400.938 39
401.000 12
401.062 15
401.125 24
401.188 9
401.250 -3
401.312 27
401.375 18
401.438 12
401.500 21
401.562 9
401.625 27
401.688 6
401.750 -3
401.812 18
401.875 -9
401.938 -15
402.000 -3
402.062 -6
402.125 6
402.188 18
402.250 27
402.312 36
402.375 36
402.438 54
402.500 39
402.562 27
402.625 30
402.688 18
402.750 9
402.812 -6
402.875 12
402.938 6
403.000 -12
403.062 6
403.125 9
403.188 -3
403.250 15
403.312 30
403.375 15
403.438 9
403.500 6
403.562 12
403.625 12
403.688 9
403.750 9
403.812 15
403.875 15
403.938 3
404.000 6
404.062 15
404.125 24
404.188 21
404.250 24
404.312 39
404.375 21
404.438 15
404.500 33
404.562 12
404.625 0
404.688 6
404.750 -9
404.812 12
404.875 9
404.938 6
405.000 12
405.062 3
405.125 24
405.188 6
405.250 6
405.312 3
405.375 12
405.438 24
405.500 -6
405.562 30
405.625 21
405.688 0
405.750 12
405.812 33
405.875 21
405.938 -3
406.000 27
406.062 6
406.125 18
406.188 45
406.250 21
406.312 30
406.375 27
406.438 27
406.500 30
406.562 6
406.625 12
406.688 6
406.750 -6
406.812 -6
406.875 -3
406.938 -6
407.000 -30
407.062 -15
407.125 -3
407.188 -6
407.250 0
407.312 18
407.375 21
407.438 24
407.500 51
407.562 36
407.625 15
407.688 33
407.750 27
407.812 9
407.875 15
407.938 -3
408.000 3
408.062 15
408.125 0
408.188 18
408.250 30
408.312 36
408.375 39
408.438 18
408.500 12
408.562 18
408.625 18
408.688 -3
408.750 -12
408.812 -3
408.875 -9
408.938 -9
409.000 -6
409.062 3
409.125 18
409.188 18
409.250 9
409.312 24
409.375 18
409.438 12
409.500 18
409.562 -6
409.625 3
409.688 12
409.750 9
409.812 33
409.875 24
409.938 42
410.000 30
410.062 15
410.125 51
410.188 33
410.250 36
410.312 12
410.375 12
410.438 21
410.500 -9
410.562 6
410.625 -6
410.688 3
410.750 0
410.812 -3
410.875 0
410.938 3
411.000 6
411.062 33
411.125 27
411.188 -9
411.250 39
411.312 33
411.375 18
411.438 18
411.500 9
411.562 3
411.625 18
411.688 39
411.750 0
411.812 -6
411.875 9
411.938 3
412.000 -6
412.062 3
412.125 6
412.188 0
412.250 0
412.312 -3
412.375 36
412.438 51
412.500 30
412.562 63
412.625 63
412.688 45
412.750 84
412.812 57
412.875 21
412.938 30
413.000 27
413.062 6
413.125 -6
413.188 -6
413.250 -3
413.312 -9
413.375 -18
413.438 6
413.500 12
413.562 -3
413.625 30
413.688 51
413.750 42
413.812 48
413.875 42
413.938 66
414.000 60
414.062 39
414.125 51
414.188 33
414.250 24
414.312 24
414.375 15
414.438 3
414.500 -6
414.562 -3
414.625 0
414.688 -6
414.750 -12
414.812 6
414.875 24
414.938 33
415.000 60
415.062 78
415.125 81
415.188 84
415.250 63
415.312 51
415.375 45
415.438 36
415.500 12
415.562 12
415.625 3
415.688 -21
415.750 0
415.812 3
415.875 -6
415.938 -6
416.000 0
416.062 6
416.125 15
416.188 30
416.250 18
416.312 21
416.375 39
416.438 39
416.500 54
416.562 57
416.625 57
416.688 54
416.750 42
416.812 33
416.875 15
416.938 18
417.000 18
417.062 -21
417.125 -27
417.188 12
417.250 6
417.312 3
417.375 0
417.438 21
417.500 36
417.562 33
417.625 81
417.688 57
417.750 54
417.812 75
417.875 51
417.938 21
418.000 18
418.062 18
418.125 -6
418.188 -3
418.250 -3
418.312 -15
418.375 3
418.438 30
418.500 9
418.562 3
418.625 18
418.688 15
418.750 24
418.812 36
418.875 21
418.938 21
419.000 36
419.062 36
419.125 54
419.188 51
419.250 21
419.312 21
419.375 9
419.438 -6
419.500 -12
419.562 -6
419.625 -6
419.688 -9
419.750 -3
419.812 15
419.875 39
419.938 33
420.000 51
420.062 60
420.125 36
420.188 42
420.250 48
420.312 27
420.375 9
420.438 6
420.500 6
420.562 9
420.625 9
420.688 24
420.750 27
420.812 27
420.875 33
420.938 36
421.000 30
421.062 12
421.125 12
421.188 24
421.250 30
421.312 9
421.375 18
421.438 45
421.500 21
421.562 24
421.625 24
421.688 21
421.750 36
421.812 9
421.875 6
421.938 0
422.000 0
422.062 21
422.125 15
422.188 42
422.250 60
422.312 39
422.375 51
422.438 63
422.500 42
422.562 18
422.625 12
422.688 9
422.750 -12
422.812 -24
422.875 -24
422.938 -9
423.000 -6
423.062 -3
423.125 12
423.188 30
423.250 39
423.312 36
423.375 51
423.438 42
423.500 39
423.562 54
423.625 30
423.688 30
423.750 45
423.812 33
423.875 27
423.938 15
424.000 18
424.062 18
424.125 -3
424.188 0
424.250 0
424.312 -9
424.375 -3
424.438 15
424.500 12
424.562 15
424.625 42
424.688 30
424.750 30
424.812 33
424.875 12
424.938 24
425.000 27
425.062 12
425.125 -6
425.188 -3
425.250 6
425.312 -3
425.375 0
425.438 -9
425.500 -6
425.562 9
425.625 -3
425.688 9
425.750 21
425.812 18
425.875 39
425.938 48
426.000 54
426.062 69
426.125 63
426.188 36
426.250 30
426.312 21
426.375 6
426.438 9
426.500 0
426.562 3
426.625 -3
426.688 -6
426.750 -3
426.812 -3
426.875 0
426.938 0
427.000 0
427.062 -6
427.125 6
427.188 15
427.250 15
427.312 21
427.375 39
427.438 51
427.500 48
427.562 45
427.625 36
427.688 30
427.750 42
427.812 15
427.875 -15
427.938 -3
428.000 -9
428.062 -9
428.125 0
428.188 -6
428.250 0
428.312 0
428.375 18
428.438 27
428.500 21
428.562 36
428.625 24
428.688 21
428.750 33
428.812 30
428.875 36
428.938 24
429.000 24
429.062 33
429.125 24
429.188 18
429.250 6
429.312 12
429.375 9
429.438 -3
429.500 -6
429.562 0
429.625 0
429.688 -3
429.750 21
429.812 15
429.875 30
429.938 42
430.000 48
430.062 75
430.125 33
430.188 33
430.250 45
430.312 30
430.375 42
430.438 15
430.500 6
430.562 0
430.625 15
430.688 24
430.750 0
430.812 30
430.875 9
430.938 0
431.000 33
431.062 21
431.125 12
431.188 27
431.250 33
431.312 27
431.375 48
431.438 33
431.500 33
431.562 36
431.625 18
431.688 27
431.750 9
431.812 6
431.875 0
431.938 15
432.000 21
432.062 -6
432.125 3
432.188 27
432.250 24
432.312 0
432.375 30
432.438 39
432.500 18
432.562 33
432.625 48
432.688 39
432.750 9
432.812 18
432.875 21
432.938 27
433.000 18
433.062 15
433.125 21
433.188 27
433.250 45
433.312 21
433.375 6
433.438 21
433.500 27
433.562 27
433.625 24
433.688 21
433.750 18
433.812 24
433.875 9
433.938 0
434.000 33
434.062 3
434.125 -3
434.188 36
434.250 21
434.312 12
434.375 6
434.438 15
434.500 3
434.562 0
434.625 -6
434.688 3
434.750 6
434.812 0
434.875 12
434.938 -6
435.000 15
435.062 18
435.125 6
435.188 9
435.250 24
435.312 9
435.375 -3
435.438 12
435.500 18
435.562 21
435.625 3
435.688 24
435.750 18
435.812 24
435.875 27
435.938 6
436.000 27
436.062 21
436.125 9
436.188 3
436.250 -6
436.312 6
436.375 6
436.438 -6
436.500 0
436.562 12
436.625 3
436.688 -3
436.750 6
436.812 9
436.875 3
436.938 0
437.000 9
437.062 3
437.125 12
437.188 9
437.250 9
437.312 27
437.375 12
437.438 6
437.500 15
437.562 27
437.625 3
437.688 3
437.750 18
437.812 12
437.875 6
437.938 3
438.000 9
438.062 0
438.125 6
438.188 9
438.250 -6
438.312 3
438.375 3
438.438 -3
438.500 -3
438.562 3
438.625 3
438.688 -6
438.750 9
438.812 24
438.875 6
438.938 0
439.000 24
439.062 12
439.125 3
439.188 -3
439.250 -6
439.312 9
439.375 -3
439.438 9
439.500 3
439.562 0
439.625 9
439.688 -3
439.750 15
439.812 6
439.875 3
439.938 6
440.000 3
440.062 0
440.125 6
440.188 0
440.250 3
440.312 9
440.375 -6
440.438 0
440.500 -3
440.562 18
440.625 0
440.688 -9
440.750 15
440.812 15
440.875 3
440.938 -6
441.000 24
441.062 24
441.125 -3
441.188 15
441.250 39
441.312 15
441.375 6
441.438 9
441.500 6
441.562 0
441.625 -6
441.688 12
441.750 6
441.812 -6
441.875 0
441.938 3
442.000 6
442.062 18
442.125 -3
442.188 0
442.250 9
442.312 -6
442.375 3
442.438 0
442.500 0
442.562 6
442.625 18
442.688 21
442.750 6
442.812 27
442.875 9
442.938 9
443.000 39
443.062 9
443.125 9
443.188 21
443.250 21
443.312 3
443.375 3
443.438 9
443.500 -6
443.562 9
443.625 9
443.688 0
443.750 -15
443.812 -3
443.875 12
443.938 -9
444.000 0
444.062 3
444.125 -6
444.188 6
444.250 -3
444.312 -9
444.375 9
444.438 -3
444.500 0
444.562 0
444.625 3
444.688 6
444.750 15
444.812 9
444.875 -3
444.938 15
445.000 15
445.062 6
445.125 9
445.188 9
445.250 -3
445.312 3
445.375 9
445.438 15
445.500 6
445.562 0
445.625 15
445.688 9
445.750 12
445.812 0
445.875 -3
445.938 12
446.000 0
446.062 0
446.125 12
446.188 9
446.250 12
446.312 9
446.375 6
446.438 18
446.500 12
446.562 18
446.625 15
446.688 3
446.750 24
446.812 15
446.875 15
446.938 24
447.000 9
447.062 3
447.125 -3
447.188 15
447.250 6
447.312 -3
447.375 6
447.438 -6
447.500 3
447.562 9
447.625 0
447.688 0
447.750 12
447.812 6
447.875 -3
447.938 0
448.000 18
448.062 27
448.125 15
448.188 15
448.250 21
448.312 21
448.375 24
448.438 6
448.500 18
448.562 21
448.625 3
448.688 24
448.750 18
448.812 30
448.875 33
448.938 -3
449.000 12
449.062 30
449.125 12
449.188 3
449.250 3
449.312 -6
449.375 15
449.438 9
449.500 -3
449.562 6
449.625 6
449.688 -3
449.750 6
449.812 15
449.875 0
449.938 9
450.000 12
450.062 12
450.125 9
450.188 12
450.250 12
450.312 -3
450.375 12
450.438 15
450.500 6
450.562 15
450.625 24
450.688 27
450.750 24
450.812 15
450.875 15
450.938 33
451.000 18
451.062 -9
451.125 18
451.188 21
451.250 -6
451.312 3
451.375 0
451.438 -3
451.500 -3
451.562 0
451.625 18
451.688 9
451.750 -6
451.812 27
451.875 15
451.938 -15
452.000 -3
452.062 -3
452.125 9
452.188 12
452.250 9
452.312 -6
452.375 3
452.438 12
452.500 3
452.562 15
452.625 -9
452.688 -9
452.750 12
452.812 12
452.875 15
452.938 -3
453.000 18
453.062 21
453.125 -3
453.188 18
453.250 6
453.312 0
453.375 9
453.438 -3
453.500 0
453.562 12
453.625 3
453.688 -3
453.750 3
453.812 12
453.875 9
453.938 6
454.000 6
454.062 12
454.125 15
454.188 -3
454.250 0
454.312 9
454.375 0
454.438 6
454.500 6
454.562 3
454.625 3
454.688 12
454.750 15
454.812 18
454.875 6
454.938 6
455.000 12
455.062 -6
455.125 3
455.188 9
455.250 0
455.312 -3
455.375 -3
455.438 12
455.500 3
455.562 15
455.625 21
455.688 18
455.750 15
455.812 18
455.875 30
455.938 0
456.000 21
456.062 15
456.125 12
456.188 9
456.250 0
456.312 27
456.375 15
456.438 12
456.500 3
456.562 3
456.625 15
456.688 12
456.750 0
456.812 -3
456.875 9
456.938 18
457.000 15
457.062 9
457.125 0
457.188 3
457.250 18
457.312 9
457.375 6
457.438 0
457.500 6
457.562 6
457.625 6
457.688 -3
457.750 -3
457.812 27
457.875 9
457.938 -3
458.000 3
458.062 9
458.125 9
458.188 12
458.250 24
458.312 18
458.375 24
458.438 21
458.500 12
458.562 6
458.625 0
458.688 3
458.750 -9
458.812 3
458.875 0
458.938 -12
459.000 3
459.062 9
459.125 0
459.188 -9
459.250 9
459.312 6
459.375 0
459.438 9
459.500 3
459.562 -3
459.625 18
459.688 15
459.750 9
459.812 6
459.875 6
459.938 27
460.000 12
460.062 -3
460.125 0
460.188 3
460.250 3
460.312 -9
460.375 -12
460.438 -6
460.500 0
460.562 6
460.625 0
460.688 0
460.750 9
460.812 15
460.875 6
460.938 0
461.000 15
461.062 15
461.125 -3
461.188 12
461.250 9
461.312 -3
461.375 3
461.438 -3
461.500 3
461.562 -6
461.625 0
461.688 21
461.750 -3
461.812 6
461.875 24
461.938 12
462.000 12
462.062 18
462.125 6
462.188 0
462.250 0
462.312 9
462.375 12
462.438 3
462.500 3
462.562 -3
462.625 15
462.688 18
462.750 0
462.812 9
462.875 12
462.938 -3
463.000 -6
463.062 3
463.125 0
463.188 9
463.250 6
463.312 0
463.375 18
463.438 -3
463.500 6
463.562 27
463.625 18
463.688 9
463.750 0
463.812 6
463.875 18
463.938 21
464.000 0
464.062 -6
464.125 18
464.188 27
464.250 9
464.312 6
464.375 0
464.438 3
464.500 15
464.562 18
464.625 12
464.688 0
464.750 6
464.812 0
464.875 6
464.938 12
465.000 12
465.062 15
465.125 0
465.188 15
465.250 30
465.312 12
465.375 9
465.438 12
465.500 18
465.562 18
465.625 12
465.688 36
465.750 45
465.812 24
465.875 18
465.938 12
466.000 9
466.062 15
466.125 0
466.188 -6
466.250 -3
466.312 -9
466.375 3
466.438 -3
466.500 0
466.562 6
466.625 9
466.688 0
466.750 0
466.812 9
466.875 12
466.938 9
467.000 0
467.062 3
467.125 12
467.188 18
467.250 0
467.312 -12
467.375 21
467.438 27
467.500 6
467.562 12
467.625 9
467.688 6
467.750 3
467.812 -6
467.875 0
467.938 -3
468.000 -6
468.062 12
468.125 0
468.188 -3
468.250 27
468.312 12
468.375 -9
468.438 6
468.500 6
468.562 0
468.625 -3
468.688 18
468.750 12
468.812 -6
468.875 12
468.938 3
469.000 3
469.062 15
469.125 9
469.188 27
469.250 15
469.312 3
469.375 27
469.438 24
469.500 6
469.562 33
469.625 21
469.688 3
469.750 6
469.812 6
469.875 6
469.938 0
470.000 18
470.062 9
470.125 -3
470.188 0
470.250 -3
470.312 -3
470.375 0
470.438 6
470.500 6
470.562 -6
470.625 0
470.688 9
470.750 0
470.812 3
470.875 0
470.938 0
471.000 0
471.062 12
471.125 24
471.188 12
471.250 18
471.312 0
471.375 3
471.438 24
471.500 -6
471.562 -6
471.625 12
471.688 12
471.750 0
471.812 0
471.875 3
471.938 -6
472.000 -9
472.062 0
472.125 15
472.188 -3
472.250 -6
472.312 0
472.375 3
472.438 24
472.500 9
472.562 0
472.625 6
472.688 9
472.750 18
472.812 3
472.875 -6
472.938 15
473.000 6
473.062 6
473.125 18
473.188 6
473.250 15
473.312 12
473.375 12
473.438 18
473.500 0
473.562 9
473.625 3
473.688 -6
473.750 6
473.812 3
473.875 9
473.938 9
474.000 9
474.062 21
474.125 6
474.188 15
474.250 15
474.312 6
474.375 21
474.438 6
474.500 3
474.562 9
474.625 6
474.688 9
474.750 0
474.812 21
474.875 21
474.938 0
475.000 12
475.062 9
475.125 0
475.188 6
475.250 6
475.312 -6
475.375 12
475.438 12
475.500 -9
475.562 3
475.625 9
475.688 3
475.750 9
475.812 9
475.875 3
475.938 -6
476.000 0
476.062 18
476.125 6
476.188 -3
476.250 9
476.312 6
476.375 3
476.438 -3
476.500 0
476.562 3
476.625 3
476.688 12
476.750 27
476.812 -3
476.875 3
476.938 24
477.000 9
477.062 15
477.125 3
477.188 9
477.250 9
477.312 6
477.375 6
477.438 3
477.500 15
477.562 -3
477.625 -6
477.688 9
477.750 0
477.812 -3
477.875 0
477.938 -3
478.000 3
478.062 -3
478.125 -3
478.188 9
478.250 15
478.312 6
478.375 12
478.438 30
478.500 3
478.562 0
478.625 21
478.688 12
478.750 18
478.812 3
478.875 -6
478.938 6
479.000 9
479.062 -3
479.125 0
479.188 21
479.250 0
479.312 9
479.375 12
479.438 12
479.500 27
479.562 -6
479.625 3
479.688 9
479.750 6
479.812 12
479.875 9
479.938 21
480.000 -3
480.062 15
480.125 21
480.188 9
480.250 15
480.312 6
480.375 15
480.438 6
480.500 30
480.562 3
480.625 9
480.688 18
480.750 -24
480.812 39
480.875 36
480.938 -18
481.000 12
481.062 15
481.125 -9
481.188 9
481.250 -3
481.312 -12
481.375 9
481.438 9
481.500 6
481.562 6
481.625 0
481.688 -3
481.750 12
481.812 3
481.875 9
481.938 9
482.000 9
482.062 9
482.125 0
482.188 36
482.250 30
482.312 27
482.375 36
482.438 30
482.500 30
482.562 15
482.625 15
482.688 6
482.750 9
482.812 21
482.875 6
482.938 9
483.000 21
483.062 -3
483.125 21
483.188 21
483.250 -3
483.312 18
483.375 12
483.438 6
483.500 3
483.562 9
483.625 12
483.688 -6
483.750 3
483.812 12
483.875 6
483.938 21
484.000 27
484.062 9
484.125 21
484.188 24
484.250 0
484.312 9
484.375 18
484.438 21
484.500 18
484.562 -6
484.625 18
484.688 18
484.750 -3
484.812 12
484.875 0
484.938 0
485.000 24
485.062 21
485.125 -6
485.188 12
485.250 21
485.312 -6
485.375 9
485.438 15
485.500 21
485.562 18
485.625 -3
485.688 6
485.750 6
485.812 9
485.875 12
485.938 3
486.000 0
486.062 0
486.125 6
486.188 12
486.250 3
486.312 0
486.375 9
486.438 -6
486.500 6
486.562 30
486.625 6
486.688 0
486.750 3
486.812 9
486.875 18
486.938 3
487.000 9
487.062 3
487.125 9
487.188 21
487.250 6
487.312 15
487.375 18
487.438 21
487.500 3
487.562 9
487.625 24
487.688 0
487.750 12
487.812 18
487.875 0
487.938 6
488.000 6
488.062 0
488.125 9
488.188 6
488.250 -3
488.312 15
488.375 30
488.438 9
488.500 0
488.562 -6
488.625 -9
488.688 6
488.750 -6
488.812 -6
488.875 0
488.938 0
489.000 -3
489.062 3
489.125 6
489.188 12
489.250 6
489.312 -3
489.375 3
489.438 0
489.500 3
489.562 3
489.625 0
489.688 3
489.750 18
489.812 15
489.875 0
489.938 9
490.000 9
490.062 3
490.125 9
490.188 15
490.250 12
490.312 33
490.375 15
490.438 -3
490.500 18
490.562 0
490.625 3
490.688 9
490.750 -6
490.812 9
490.875 0
490.938 12
491.000 15
491.062 3
491.125 3
491.188 3
491.250 9
491.312 9
491.375 9
491.438 6
491.500 6
491.562 6
491.625 12
491.688 9
491.750 9
491.812 9
491.875 9
491.938 6
492.000 9
492.062 12
492.125 9
492.188 21
492.250 12
492.312 -3
492.375 -9
492.438 9
492.500 0
492.562 3
492.625 24
492.688 0
492.750 9
492.812 15
492.875 0
492.938 3
493.000 -3
493.062 9
493.125 -3
493.188 -9
493.250 12
493.312 0
493.375 21
493.438 21
493.500 6
493.562 9
493.625 6
493.688 12
493.750 15
493.812 21
493.875 12
493.938 3
494.000 12
494.062 24
494.125 12
494.188 3
494.250 9
494.312 3
494.375 6
494.438 0
494.500 9
494.562 21
494.625 0
494.688 -3
494.750 9
494.812 3
494.875 0
494.938 18
495.000 6
495.062 -6
495.125 18
495.188 0
495.250 -3
495.312 24
495.375 3
495.438 -9
495.500 21
495.562 15
495.625 9
495.688 9
495.750 3
495.812 27
495.875 36
495.938 36
496.000 21
496.062 0
496.125 6
496.188 0
496.250 0
496.312 -3
496.375 9
496.438 24
496.500 12
496.562 15
496.625 12
496.688 9
496.750 15
496.812 0
496.875 0
496.938 9
497.000 0
497.062 9
497.125 6
497.188 -6
497.250 12
497.312 12
497.375 0
497.438 -3
497.500 3
497.562 6
497.625 21
497.688 24
497.750 15
497.812 27
497.875 12
497.938 6
498.000 12
498.062 6
498.125 -3
498.188 -9
498.250 0
498.312 0
498.375 -3
498.438 6
498.500 9
498.562 3
498.625 15
498.688 9
498.750 21
498.812 30
498.875 6
498.938 9
499.000 18
499.062 33
499.125 24
499.188 -6
499.250 9
499.312 27
499.375 36
499.438 15
499.500 12
499.562 36
499.625 18
499.688 6
499.750 12
499.812 15
499.875 12
499.938 6
500.000 0
500.062 0
500.125 3
500.188 -3
500.250 24
500.312 18
500.375 3
500.438 18
500.500 6
500.562 24
500.625 21
500.688 -3
500.750 6
500.812 18
500.875 12
500.938 9
501.000 12
501.062 21
501.125 15
501.188 9
501.250 18
501.312 3
501.375 18
501.438 9
501.500 6
501.562 12
501.625 12
501.688 33
501.750 12
501.812 15
501.875 -3
501.938 12
502.000 24
502.062 -6
502.125 6
502.188 3
502.250 0
502.312 -6
502.375 6
502.438 6
502.500 3
502.562 3
502.625 12
502.688 24
502.750 0
502.812 12
502.875 15
502.938 3
503.000 9
503.062 18
503.125 24
503.188 12
503.250 15
503.312 15
503.375 12
503.438 24
503.500 21
503.562 12
503.625 3
503.688 18
503.750 18
503.812 -6
503.875 30
503.938 24
504.000 3
504.062 18
504.125 18
504.188 6
504.250 0
504.312 24
504.375 3
504.438 0
504.500 21
504.562 9
504.625 6
504.688 21
504.750 42
504.812 15
504.875 0
504.938 15
505.000 27
505.062 15
505.125 12
505.188 12
505.250 0
505.312 15
505.375 9
505.438 24
505.500 27
505.562 18
505.625 30
505.688 30
505.750 24
505.812 6
505.875 9
505.938 0
506.000 0
506.062 -6
506.125 15
506.188 18
506.250 -9
506.312 9
506.375 6
506.438 6
506.500 21
506.562 18
506.625 6
506.688 9
506.750 12
506.812 15
506.875 15
506.938 15
507.000 18
507.062 9
507.125 3
507.188 15
507.250 12
507.312 0
507.375 27
507.438 18
507.500 9
507.562 33
507.625 36
507.688 27
507.750 3
507.812 24
507.875 30
507.938 12
508.000 30
508.062 27
508.125 33
508.188 33
508.250 18
508.312 27
508.375 27
508.438 24
508.500 18
508.562 21
508.625 33
508.688 18
508.750 6
508.812 15
508.875 24
508.938 21
509.000 3
509.062 18
509.125 30
509.188 15
509.250 21
509.312 6
509.375 0
509.438 15
509.500 3
509.562 3
509.625 0
509.688 3
509.750 6
509.812 6
509.875 15
509.938 15
510.000 42
