0.000 5
0.062 6
0.125 9
0.188 6
0.250 8
0.312 3
0.375 9
0.438 6
0.500 4
0.562 11
0.625 9
0.688 4
0.750 -1
0.812 6
0.875 10
0.938 5
1.000 0
1.062 2
1.125 3
1.188 1
1.250 1
1.312 -1
1.375 6
1.438 3
1.500 -1
1.562 3
1.625 0
1.688 -3
1.750 -1
1.812 -1
1.875 -2
1.938 0
2.000 0
2.062 1
2.125 0
2.188 6
2.250 6
2.312 1
2.375 4
2.438 -1
2.500 7
2.562 0
2.625 2
2.688 11
2.750 -1
2.812 4
2.875 4
2.938 5
3.000 5
3.062 -1
3.125 2
3.188 4
3.250 2
3.312 -1
3.375 2
3.438 2
3.500 5
3.562 6
3.625 1
3.688 2
3.750 1
3.812 1
3.875 2
3.938 0
4.000 2
4.062 2
4.125 -1
4.188 1
4.250 4
4.312 0
4.375 1
4.438 3
4.500 9
4.562 8
4.625 4
4.688 7
4.750 2
4.812 4
4.875 2
4.938 3
5.000 6
5.062 0
5.125 1
5.188 2
5.250 2
5.312 1
5.375 4
5.438 -1
5.500 0
5.562 4
5.625 1
5.688 4
5.750 0
5.812 2
5.875 4
5.938 0
6.000 3
6.062 2
6.125 1
6.188 1
6.250 3
6.312 4
6.375 2
6.438 2
6.500 -1
6.562 -2
6.625 4
6.688 0
6.750 0
6.812 1
6.875 -3
6.938 -1
7.000 -3
7.062 -1
7.125 1
7.188 -1
7.250 0
7.312 3
7.375 2
7.438 -1
7.500 5
7.562 4
7.625 1
7.688 4
7.750 0
7.812 2
7.875 7
7.938 4
8.000 3
8.062 2
8.125 6
8.188 10
8.250 5
8.312 3
8.375 5
8.438 0
8.500 0
8.562 5
8.625 -2
8.688 5
8.750 5
8.812 -3
8.875 1
8.938 0
9.000 1
9.062 2
9.125 3
9.188 1
9.250 0
9.312 1
9.375 0
9.438 2
9.500 2
9.562 2
9.625 5
9.688 5
9.750 3
9.812 2
9.875 3
9.938 1
10.000 3
10.062 4
10.125 -1
10.188 -2
10.250 3
10.312 0
10.375 0
10.438 1
10.500 -1
10.562 3
10.625 2
10.688 1
10.750 0
10.812 1
10.875 0
10.938 -4
11.000 -2
11.062 1
11.125 2
11.188 -2
11.250 -2
11.312 2
11.375 0
11.438 4
11.500 5
11.562 1
11.625 2
11.688 0
11.750 0
11.812 3
11.875 0
11.938 -2
12.000 2
12.062 1
12.125 4
12.188 4
12.250 -1
12.312 2
12.375 6
12.438 3
12.500 1
12.562 5
12.625 5
12.688 4
12.750 7
12.812 3
12.875 -1
12.938 4
13.000 7
13.062 0
13.125 1
13.188 7
13.250 3
13.312 1
13.375 1
13.438 0
13.500 0
13.562 3
13.625 1
13.688 4
13.750 1
13.812 1
13.875 6
13.938 3
14.000 1
14.062 -1
14.125 8
14.188 3
14.250 -1
14.312 3
14.375 2
14.438 3
14.500 4
14.562 -1
14.625 -5
14.688 -1
14.750 0
14.812 2
14.875 -1
14.938 0
15.000 12
15.062 4
15.125 -1
15.188 3
15.250 9
15.312 5
15.375 1
15.438 2
15.500 -1
15.562 5
15.625 2
15.688 5
15.750 4
15.812 0
15.875 3
15.938 -2
16.000 -2
16.062 4
16.125 3
16.188 2
16.250 3
16.312 5
16.375 7
16.438 2
16.500 3
16.562 8
16.625 -1
16.688 1
16.750 3
16.812 -1
16.875 1
16.938 -3
17.000 1
17.062 2
17.125 -1
17.188 2
17.250 1
17.312 0
17.375 4
17.438 4
17.500 -2
17.562 0
17.625 1
17.688 -2
17.750 0
17.812 3
17.875 5
17.938 3
18.000 3
18.062 4
18.125 2
18.188 -1
18.250 0
18.312 7
18.375 4
18.438 -1
18.500 -2
18.562 -1
18.625 0
18.688 3
18.750 4
18.812 3
18.875 7
18.938 9
19.000 4
19.062 -2
19.125 -2
19.188 -1
19.250 0
19.312 -3
19.375 2
19.438 1
19.500 -5
19.562 -1
19.625 -1
19.688 -2
19.750 0
19.812 0
19.875 0
19.938 -3
20.000 -4
20.062 5
20.125 -2
20.188 -3
20.250 8
20.312 0
20.375 -2
20.438 0
20.500 -2
20.562 -2
20.625 -1
20.688 0
20.750 -3
20.812 -3
20.875 1
20.938 -2
21.000 -3
21.062 -1
21.125 1
21.188 3
21.250 -3
21.312 -1
21.375 1
21.438 0
21.500 1
21.562 4
21.625 2
21.688 3
21.750 11
21.812 0
21.875 -3
21.938 2
22.000 0
22.062 0
22.125 -1
22.188 2
22.250 3
22.312 0
22.375 2
22.438 1
22.500 2
22.562 2
22.625 -2
22.688 3
22.750 1
22.812 0
22.875 3
22.938 0
23.000 2
23.062 0
23.125 4
23.188 7
23.250 8
23.312 7
23.375 -1
23.438 5
23.500 1
23.562 -3
23.625 -2
23.688 1
23.750 3
23.812 -1
23.875 2
23.938 0
24.000 0
24.062 3
24.125 5
24.188 7
24.250 2
24.312 6
24.375 6
24.438 1
24.500 6
24.562 6
24.625 5
24.688 7
24.750 12
24.812 11
24.875 6
24.938 10
25.000 9
25.062 7
25.125 7
25.188 5
25.250 5
25.312 4
25.375 7
25.438 5
25.500 8
25.562 4
25.625 0
25.688 6
25.750 7
25.812 7
25.875 4
25.938 7
26.000 4
26.062 2
26.125 9
26.188 4
26.250 3
26.312 6
26.375 0
26.438 3
26.500 3
26.562 6
26.625 6
26.688 -1
26.750 9
26.812 6
26.875 1
26.938 3
27.000 7
27.062 7
27.125 6
27.188 10
27.250 3
27.312 9
27.375 5
27.438 -3
27.500 6
27.562 4
27.625 1
27.688 -2
27.750 0
27.812 1
27.875 -2
27.938 -1
28.000 0
28.062 7
28.125 7
28.188 0
28.250 2
28.312 6
28.375 6
28.438 5
28.500 10
28.562 6
28.625 4
28.688 12
28.750 0
28.812 2
28.875 8
28.938 2
29.000 4
29.062 7
29.125 12
29.188 6
29.250 9
29.312 8
29.375 3
29.438 12
29.500 5
29.562 7
29.625 11
29.688 7
29.750 8
29.812 8
29.875 14
29.938 7
30.000 6
30.062 14
30.125 11
30.188 11
30.250 12
30.312 15
30.375 15
30.438 14
30.500 15
30.562 12
30.625 19
30.688 21
30.750 16
30.812 10
30.875 15
30.938 13
31.000 8
31.062 13
31.125 9
31.188 6
31.250 7
31.312 7
31.375 9
31.438 8
31.500 7
31.562 8
31.625 9
31.688 13
31.750 14
31.812 13
31.875 6
31.938 8
32.000 11
32.062 5
32.125 8
32.188 7
32.250 11
32.312 9
32.375 -1
32.438 8
32.500 13
32.562 0
32.625 5
32.688 8
32.750 2
32.812 5
32.875 1
32.938 6
33.000 9
33.062 9
33.125 6
33.188 7
33.250 13
33.312 6
33.375 9
33.438 4
33.500 0
33.562 5
33.625 2
33.688 6
33.750 6
33.812 3
33.875 7
33.938 3
34.000 1
34.062 8
34.125 9
34.188 5
34.250 4
34.312 4
34.375 4
34.438 2
34.500 1
34.562 5
34.625 5
34.688 2
34.750 2
34.812 3
34.875 6
34.938 6
35.000 4
35.062 6
35.125 6
35.188 -2
35.250 1
35.312 5
35.375 0
35.438 3
35.500 6
35.562 5
35.625 0
35.688 -1
35.750 -1
35.812 0
35.875 5
35.938 3
36.000 2
36.062 0
36.125 3
36.188 5
36.250 -1
36.312 6
36.375 8
36.438 2
36.500 4
36.562 2
36.625 6
36.688 7
36.750 1
36.812 10
36.875 7
36.938 3
37.000 4
37.062 -1
37.125 1
37.188 -1
37.250 -1
37.312 2
37.375 4
37.438 2
37.500 -1
37.562 2
37.625 5
37.688 -1
37.750 1
37.812 8
37.875 4
37.938 3
38.000 3
38.062 2
38.125 2
38.188 -1
38.250 -1
38.312 5
38.375 3
38.438 0
38.500 1
38.562 0
38.625 4
38.688 1
38.750 -2
38.812 4
38.875 10
38.938 5
39.000 -1
39.062 0
39.125 3
39.188 2
39.250 -2
39.312 2
39.375 5
39.438 5
39.500 3
39.562 2
39.625 5
39.688 6
39.750 4
39.812 0
39.875 3
39.938 3
40.000 -2
40.062 1
40.125 1
40.188 -1
40.250 0
40.312 3
40.375 1
40.438 0
40.500 3
40.562 1
40.625 6
40.688 9
40.750 -2
40.812 0
40.875 8
40.938 1
41.000 -1
41.062 3
41.125 1
41.188 -1
41.250 3
41.312 8
41.375 6
41.438 -1
41.500 1
41.562 3
41.625 1
41.688 3
41.750 -1
41.812 1
41.875 3
41.938 2
42.000 3
42.062 4
42.125 6
42.188 10
42.250 5
42.312 -2
42.375 11
42.438 7
42.500 -3
42.562 2
42.625 2
42.688 2
42.750 4
42.812 1
42.875 1
42.938 2
43.000 1
43.062 4
43.125 4
43.188 2
43.250 2
43.312 4
43.375 -1
43.438 4
43.500 8
43.562 0
43.625 4
43.688 4
43.750 1
43.812 3
43.875 10
43.938 3
44.000 -1
44.062 3
44.125 1
44.188 2
44.250 0
44.312 6
44.375 -1
44.438 -2
44.500 5
44.562 3
44.625 4
44.688 2
44.750 3
44.812 3
44.875 0
44.938 1
45.000 3
45.062 -1
45.125 2
45.188 6
45.250 -1
45.312 -1
45.375 0
45.438 4
45.500 2
45.562 2
45.625 3
45.688 1
45.750 5
45.812 0
45.875 1
45.938 0
46.000 3
46.062 5
46.125 -2
46.188 -1
46.250 -2
46.312 1
46.375 4
46.438 1
46.500 0
46.562 -1
46.625 -1
46.688 2
46.750 -1
46.812 -1
46.875 1
46.938 -1
47.000 7
47.062 6
47.125 0
47.188 9
47.250 6
47.312 0
47.375 6
47.438 0
47.500 2
47.562 5
47.625 5
47.688 3
47.750 0
47.812 5
47.875 2
47.938 2
48.000 1
48.062 6
48.125 4
48.188 0
48.250 6
48.312 1
48.375 3
48.438 3
48.500 5
48.562 3
48.625 -2
48.688 2
48.750 2
48.812 1
48.875 1
48.938 4
49.000 3
49.062 0
49.125 1
49.188 2
49.250 0
49.312 2
49.375 3
49.438 9
49.500 7
49.562 1
49.625 3
49.688 6
49.750 6
49.812 1
49.875 -1
49.938 5
50.000 6
50.062 1
50.125 4
50.188 5
50.250 3
50.312 4
50.375 2
50.438 3
50.500 3
50.562 2
50.625 1
50.688 0
50.750 6
50.812 0
50.875 -1
50.938 8
51.000 2
51.062 2
51.125 5
51.188 8
51.250 2
51.312 0
51.375 0
51.438 -1
51.500 1
51.562 5
51.625 6
51.688 0
51.750 8
51.812 2
51.875 5
51.938 7
52.000 0
52.062 1
52.125 -1
52.188 8
52.250 1
52.312 0
52.375 3
52.438 -1
52.500 2
52.562 -3
52.625 1
52.688 3
52.750 0
52.812 -1
52.875 1
52.938 2
53.000 0
53.062 1
53.125 4
53.188 1
53.250 -1
53.312 5
53.375 3
53.438 1
53.500 4
53.562 1
53.625 -2
53.688 3
53.750 3
53.812 2
53.875 2
53.938 -1
54.000 -1
54.062 0
54.125 3
54.188 1
54.250 0
54.312 1
54.375 -2
54.438 -2
54.500 6
54.562 6
54.625 2
54.688 7
54.750 6
54.812 12
54.875 8
54.938 0
55.000 4
55.062 -1
55.125 2
55.188 3
55.250 -2
55.312 2
55.375 -1
55.438 1
55.500 2
55.562 0
55.625 2
55.688 -1
55.750 -2
55.812 1
55.875 1
55.938 -2
56.000 0
56.062 2
56.125 2
56.188 2
56.250 -1
56.312 0
56.375 1
56.438 1
56.500 1
56.562 0
56.625 -2
56.688 0
56.750 8
56.812 3
56.875 1
56.938 4
57.000 -4
57.062 -1
57.125 1
57.188 0
57.250 0
57.312 -1
57.375 1
57.438 -2
57.500 2
57.562 6
57.625 -1
57.688 0
57.750 0
57.812 0
57.875 -3
57.938 3
58.000 5
58.062 2
58.125 4
58.188 1
58.250 8
58.312 6
58.375 3
58.438 3
58.500 5
58.562 7
58.625 -2
58.688 1
58.750 2
58.812 -1
58.875 3
58.938 0
59.000 1
59.062 1
59.125 -1
59.188 4
59.250 3
59.312 2
59.375 4
59.438 2
59.500 0
59.562 -1
59.625 -1
59.688 0
59.750 -4
59.812 1
59.875 5
59.938 -2
60.000 3
60.062 1
60.125 -3
60.188 1
60.250 1
60.312 1
60.375 -1
60.438 4
60.500 4
60.562 1
60.625 9
60.688 3
60.750 0
60.812 4
60.875 5
60.938 0
61.000 -1
61.062 1
61.125 -2
61.188 -1
61.250 0
61.312 4
61.375 -1
61.438 -2
61.500 2
61.562 0
61.625 -2
61.688 -1
61.750 0
61.812 -1
61.875 5
61.938 3
62.000 1
62.062 4
62.125 4
62.188 2
62.250 3
62.312 4
62.375 1
62.438 8
62.500 2
62.562 -1
62.625 3
62.688 1
62.750 1
62.812 1
62.875 -4
62.938 -3
63.000 4
63.062 0
63.125 -1
63.188 -1
63.250 2
63.312 1
63.375 -1
63.438 3
63.500 0
63.562 -2
63.625 -1
63.688 1
63.750 1
63.812 -2
63.875 0
63.938 -1
64.000 1
64.062 10
64.125 4
64.188 -1
64.250 5
64.312 4
64.375 3
64.438 1
64.500 2
64.562 1
64.625 1
64.688 3
64.750 0
64.812 -1
64.875 -2
64.938 -2
65.000 -2
65.062 6
65.125 4
65.188 -2
65.250 5
65.312 0
65.375 2
65.438 5
65.500 1
65.562 4
65.625 0
65.688 1
65.750 4
65.812 2
65.875 5
65.938 4
66.000 -1
66.062 5
66.125 7
66.188 -2
66.250 -3
66.312 1
66.375 4
66.438 -1
66.500 1
66.562 4
66.625 4
66.688 1
66.750 0
66.812 -1
66.875 -4
66.938 2
67.000 0
67.062 0
67.125 -1
67.188 -5
67.250 1
67.312 -2
67.375 -3
67.438 0
67.500 -1
67.562 -1
67.625 3
67.688 5
67.750 0
67.812 2
67.875 1
67.938 0
68.000 4
68.062 -2
68.125 6
68.188 4
68.250 -2
68.312 7
68.375 4
68.438 2
68.500 4
68.562 4
68.625 0
68.688 -2
68.750 1
68.812 -2
68.875 0
68.938 -1
69.000 -1
69.062 0
69.125 -1
69.188 6
69.250 1
69.312 1
69.375 0
69.438 -1
69.500 0
69.562 -2
69.625 2
69.688 -2
69.750 -2
69.812 -1
69.875 0
69.938 -1
70.000 -3
70.062 0
70.125 -2
70.188 -2
70.250 0
70.312 0
70.375 3
70.438 0
70.500 -4
70.562 1
70.625 0
70.688 -2
70.750 -1
70.812 -1
70.875 -1
70.938 0
71.000 -1
71.062 1
71.125 -1
71.188 -4
71.250 1
71.312 1
71.375 0
71.438 -2
71.500 0
71.562 4
71.625 -2
71.688 1
71.750 2
71.812 2
71.875 3
71.938 -3
72.000 1
72.062 2
72.125 3
72.188 3
72.250 -1
72.312 3
72.375 1
72.438 -3
72.500 -3
72.562 -1
72.625 -2
72.688 -2
72.750 0
72.812 -1
72.875 -1
72.938 -3
73.000 -3
73.062 0
73.125 -3
73.188 -3
73.250 -2
73.312 2
73.375 2
73.438 -2
73.500 1
73.562 2
73.625 0
73.688 -1
73.750 -2
73.812 -1
73.875 -2
73.938 -1
74.000 -2
74.062 -2
74.125 -1
74.188 0
74.250 -2
74.312 -3
74.375 -2
74.438 -2
74.500 -6
74.562 -3
74.625 -3
74.688 -2
74.750 -1
74.812 -1
74.875 1
74.938 -4
75.000 0
75.062 5
75.125 -2
75.188 -2
75.250 1
75.312 1
75.375 1
75.438 -3
75.500 0
75.562 4
75.625 -1
75.688 1
75.750 1
75.812 2
75.875 -2
75.938 -3
76.000 -2
76.062 -2
76.125 0
76.188 -2
76.250 -3
76.312 2
76.375 1
76.438 0
76.500 0
76.562 -3
76.625 2
76.688 -1
76.750 -4
76.812 1
76.875 -1
76.938 2
77.000 -1
77.062 2
77.125 2
77.188 -5
77.250 -1
77.312 0
77.375 -2
77.438 -2
77.500 -2
77.562 -1
77.625 1
77.688 -2
77.750 -3
77.812 -1
77.875 -3
77.938 1
78.000 -3
78.062 -1
78.125 7
78.188 -1
78.250 -3
78.312 0
78.375 2
78.438 -2
78.500 -1
78.562 3
78.625 -1
78.688 2
78.750 0
78.812 1
78.875 6
78.938 -3
79.000 -3
79.062 1
79.125 -1
79.188 6
79.250 1
79.312 -3
79.375 2
79.438 4
79.500 4
79.562 -2
79.625 -1
79.688 -1
79.750 -2
79.812 1
79.875 0
79.938 0
80.000 -4
80.062 2
80.125 4
80.188 -2
80.250 -2
80.312 -2
80.375 -2
80.438 -1
80.500 -4
80.562 1
80.625 6
80.688 -1
80.750 0
80.812 9
80.875 3
80.938 0
81.000 2
81.062 1
81.125 4
81.188 5
81.250 0
81.312 -1
81.375 0
81.438 -1
81.500 1
81.562 2
81.625 -1
81.688 4
81.750 1
81.812 -3
81.875 3
81.938 0
82.000 -3
82.062 4
82.125 1
82.188 -2
82.250 1
82.312 0
82.375 1
82.438 -2
82.500 -4
82.562 -1
82.625 1
82.688 3
82.750 0
82.812 -2
82.875 0
82.938 -3
83.000 -4
83.062 3
83.125 3
83.188 0
83.250 -1
83.312 -2
83.375 1
83.438 1
83.500 3
83.562 5
83.625 0
83.688 4
83.750 5
83.812 0
83.875 -1
83.938 3
84.000 1
84.062 -4
84.125 -1
84.188 1
84.250 -2
84.312 -1
84.375 2
84.438 3
84.500 1
84.562 0
84.625 1
84.688 1
84.750 -1
84.812 -2
84.875 -2
84.938 -1
85.000 0
85.062 -1
85.125 0
85.188 0
85.250 -2
85.312 -3
85.375 -2
85.438 -2
85.500 -2
85.562 -1
85.625 3
85.688 4
85.750 -3
85.812 2
85.875 1
85.938 1
86.000 -1
86.062 -5
86.125 3
86.188 1
86.250 -3
86.312 0
86.375 0
86.438 -3
86.500 -4
86.562 2
86.625 3
86.688 2
86.750 2
86.812 0
86.875 2
86.938 2
87.000 1
87.062 1
87.125 0
87.188 2
87.250 3
87.312 -2
87.375 -3
87.438 0
87.500 0
87.562 -1
87.625 -3
87.688 0
87.750 1
87.812 -2
87.875 0
87.938 -1
88.000 -2
88.062 0
88.125 2
88.188 4
88.250 2
88.312 1
88.375 1
88.438 1
88.500 4
88.562 -2
88.625 -2
88.688 5
88.750 -1
88.812 0
88.875 3
88.938 0
89.000 -1
89.062 0
89.125 6
89.188 1
89.250 -2
89.312 2
89.375 2
89.438 -1
89.500 -3
89.562 0
89.625 0
89.688 -4
89.750 -1
89.812 -1
89.875 -2
89.938 1
90.000 -3
90.062 -2
90.125 -1
90.188 -4
90.250 -3
90.312 -1
90.375 -2
90.438 -1
90.500 0
90.562 -1
90.625 -2
90.688 -2
90.750 1
90.812 1
90.875 1
90.938 3
91.000 3
91.062 2
91.125 3
91.188 2
91.250 0
91.312 3
91.375 2
91.438 -2
91.500 3
91.562 4
91.625 -2
91.688 0
91.750 2
91.812 1
91.875 1
91.938 5
92.000 5
92.062 -1
92.125 1
92.188 5
92.250 8
92.312 3
92.375 1
92.438 4
92.500 4
92.562 0
92.625 -4
92.688 0
92.750 1
92.812 0
92.875 0
92.938 -4
93.000 -3
93.062 -1
93.125 1
93.188 0
93.250 -2
93.312 -3
93.375 0
93.438 0
93.500 -2
93.562 0
93.625 -2
93.688 1
93.750 2
93.812 -5
93.875 -1
93.938 1
94.000 -1
94.062 -3
94.125 -1
94.188 2
94.250 1
94.312 -1
94.375 1
94.438 3
94.500 -1
94.562 1
94.625 1
94.688 -2
94.750 0
94.812 0
94.875 -1
94.938 3
95.000 6
95.062 1
95.125 -2
95.188 4
95.250 4
95.312 2
95.375 3
95.438 4
95.500 3
95.562 -1
95.625 3
95.688 4
95.750 -2
95.812 3
95.875 7
95.938 4
96.000 10
96.062 1
96.125 2
96.188 5
96.250 4
96.312 7
96.375 -2
96.438 7
96.500 9
96.562 2
96.625 3
96.688 6
96.750 9
96.812 0
96.875 -1
96.938 4
97.000 2
97.062 -1
97.125 -1
97.188 1
97.250 2
97.312 0
97.375 6
97.438 7
97.500 1
97.562 3
97.625 4
97.688 2
97.750 2
97.812 3
97.875 5
97.938 3
98.000 1
98.062 2
98.125 3
98.188 4
98.250 5
98.312 2
98.375 0
98.438 5
98.500 3
98.562 -1
98.625 4
98.688 5
98.750 0
98.812 -1
98.875 2
98.938 2
99.000 0
99.062 1
99.125 3
99.188 6
99.250 1
99.312 0
99.375 4
99.438 2
99.500 5
99.562 3
99.625 -2
99.688 3
99.750 4
99.812 -2
99.875 1
99.938 -1
100.000 1
100.062 2
100.125 -2
100.188 -1
100.250 2
100.312 2
100.375 -2
100.438 0
100.500 2
100.562 -4
100.625 -2
100.688 1
100.750 -1
100.812 -1
100.875 -2
100.938 3
101.000 8
101.062 1
101.125 1
101.188 5
101.250 -1
101.312 0
101.375 0
101.438 0
101.500 5
101.562 2
101.625 4
101.688 9
101.750 5
101.812 3
101.875 5
101.938 3
102.000 2
102.062 10
102.125 2
102.188 1
102.250 4
102.312 -1
102.375 1
102.438 2
102.500 2
102.562 -3
102.625 -1
102.688 -1
102.750 -3
102.812 2
102.875 -1
102.938 0
103.000 2
103.062 -1
103.125 -1
103.188 0
103.250 3
103.312 3
103.375 -2
103.438 1
103.500 5
103.562 0
103.625 0
103.688 0
103.750 1
103.812 -1
103.875 -1
103.938 10
104.000 5
104.062 -4
104.125 3
104.188 6
104.250 5
104.312 5
104.375 0
104.438 3
104.500 6
104.562 3
104.625 4
104.688 3
104.750 5
104.812 2
104.875 1
104.938 4
105.000 2
105.062 4
105.125 2
105.188 1
105.250 3
105.312 2
105.375 0
105.438 0
105.500 1
105.562 4
105.625 4
105.688 0
105.750 3
105.812 4
105.875 1
105.938 -1
106.000 0
106.062 3
106.125 -2
106.188 1
106.250 3
106.312 1
106.375 5
106.438 1
106.500 0
106.562 5
106.625 1
106.688 3
106.750 5
106.812 0
106.875 3
106.938 3
107.000 0
107.062 4
107.125 1
107.188 2
107.250 6
107.312 2
107.375 -1
107.438 -1
107.500 -2
107.562 1
107.625 2
107.688 -5
107.750 0
107.812 3
107.875 0
107.938 -1
108.000 1
108.062 4
108.125 0
108.188 3
108.250 4
108.312 2
108.375 -1
108.438 1
108.500 5
108.562 2
108.625 4
108.688 4
108.750 4
108.812 0
108.875 2
108.938 6
109.000 3
109.062 8
109.125 4
109.188 -3
109.250 7
109.312 7
109.375 -1
109.438 5
109.500 5
109.562 2
109.625 1
109.688 -2
109.750 0
109.812 1
109.875 1
109.938 0
110.000 0
110.062 0
110.125 -1
110.188 -1
110.250 -3
110.312 2
110.375 1
110.438 -2
110.500 -4
110.562 1
110.625 0
110.688 -4
110.750 6
110.812 4
110.875 2
110.938 4
111.000 3
111.062 5
111.125 -1
111.188 3
111.250 9
111.312 3
111.375 2
111.438 4
111.500 5
111.562 6
111.625 2
111.688 2
111.750 3
111.812 1
111.875 0
111.938 0
112.000 7
112.062 2
112.125 -1
112.188 6
112.250 1
112.312 -1
112.375 6
112.438 2
112.500 2
112.562 6
112.625 4
112.688 7
112.750 6
112.812 6
112.875 4
112.938 8
113.000 4
113.062 0
113.125 3
113.188 1
113.250 8
113.312 1
113.375 2
113.438 7
113.500 -2
113.562 0
113.625 1
113.688 -1
113.750 1
113.812 6
113.875 1
113.938 1
114.000 1
114.062 1
114.125 1
114.188 -2
114.250 1
114.312 2
114.375 6
114.438 8
114.500 5
114.562 8
114.625 11
114.688 9
114.750 6
114.812 10
114.875 6
114.938 0
115.000 4
115.062 6
115.125 3
115.188 3
115.250 1
115.312 2
115.375 6
115.438 -2
115.500 0
115.562 5
115.625 3
115.688 3
115.750 -2
115.812 1
115.875 5
115.938 2
116.000 3
116.062 3
116.125 5
116.188 5
116.250 5
116.312 2
116.375 0
116.438 7
116.500 4
116.562 5
116.625 5
116.688 2
116.750 3
116.812 5
116.875 7
116.938 2
117.000 0
117.062 2
117.125 5
117.188 0
117.250 5
117.312 9
117.375 -2
117.438 4
117.500 4
117.562 0
117.625 2
117.688 2
117.750 4
117.812 1
117.875 -1
117.938 1
118.000 0
118.062 1
118.125 2
118.188 0
118.250 7
118.312 10
118.375 2
118.438 3
118.500 3
118.562 0
118.625 0
118.688 1
118.750 4
118.812 4
118.875 3
118.938 -1
119.000 4
119.062 6
119.125 3
119.188 0
119.250 0
119.312 2
119.375 0
119.438 2
119.500 5
119.562 4
119.625 1
119.688 6
119.750 5
119.812 -2
119.875 1
119.938 0
120.000 -2
120.062 -1
120.125 -1
120.188 0
120.250 -1
120.312 4
120.375 7
120.438 3
120.500 0
120.562 4
120.625 4
120.688 -2
120.750 2
120.812 5
120.875 3
120.938 1
121.000 2
121.062 5
121.125 3
121.188 1
121.250 3
121.312 -1
121.375 1
121.438 0
121.500 -7
121.562 1
121.625 0
121.688 -1
121.750 3
121.812 1
121.875 1
121.938 0
122.000 3
122.062 0
122.125 3
122.188 3
122.250 -2
122.312 2
122.375 -2
122.438 -1
122.500 4
122.562 0
122.625 2
122.688 2
122.750 -1
122.812 0
122.875 3
122.938 4
123.000 -2
123.062 -1
123.125 1
123.188 3
123.250 0
123.312 1
123.375 4
123.438 -5
123.500 2
123.562 1
123.625 1
123.688 1
123.750 -6
123.812 1
123.875 -1
123.938 -5
124.000 -2
124.062 -2
124.125 0
124.188 1
124.250 -2
124.312 4
124.375 8
124.438 1
124.500 0
124.562 -2
124.625 -1
124.688 5
124.750 2
124.812 -2
124.875 0
124.938 3
125.000 3
125.062 3
125.125 4
125.188 3
125.250 0
125.312 2
125.375 0
125.438 0
125.500 1
125.562 5
125.625 6
125.688 -2
125.750 0
125.812 2
125.875 2
125.938 -2
126.000 0
126.062 3
126.125 -1
126.188 -2
126.250 -1
126.312 1
126.375 -2
126.438 -2
126.500 -4
126.562 4
126.625 5
126.688 -1
126.750 4
126.812 2
126.875 3
126.938 0
127.000 -1
127.062 -2
127.125 -4
127.188 -1
127.250 -2
127.312 -1
127.375 -3
127.438 0
127.500 -1
127.562 -2
127.625 -2
127.688 -2
127.750 0
127.812 0
127.875 0
127.938 -2
128.000 1
128.062 1
128.125 -1
128.188 6
128.250 1
128.312 2
128.375 10
128.438 4
128.500 0
128.562 1
128.625 3
128.688 4
128.750 4
128.812 2
128.875 -1
128.938 3
129.000 3
129.062 -3
129.125 -1
129.188 1
129.250 2
129.312 0
129.375 3
129.438 3
129.500 8
129.562 7
129.625 0
129.688 4
129.750 3
129.812 5
129.875 2
129.938 1
130.000 7
130.062 1
130.125 0
130.188 2
130.250 7
130.312 0
130.375 1
130.438 10
130.500 3
130.562 0
130.625 4
130.688 1
130.750 -1
130.812 2
130.875 -1
130.938 0
131.000 3
131.062 4
131.125 4
131.188 4
131.250 1
131.312 3
131.375 4
131.438 -2
131.500 3
131.562 0
131.625 2
131.688 5
131.750 -2
131.812 2
131.875 7
131.938 1
132.000 0
132.062 3
132.125 -2
132.188 0
132.250 2
132.312 -2
132.375 3
132.438 2
132.500 -2
132.562 -2
132.625 3
132.688 1
132.750 -1
132.812 1
132.875 -3
132.938 2
133.000 1
133.062 1
133.125 5
133.188 4
133.250 4
133.312 4
133.375 6
133.438 7
133.500 7
133.562 0
133.625 0
133.688 5
133.750 1
133.812 -4
133.875 2
133.938 8
134.000 -1
134.062 -1
134.125 1
134.188 2
134.250 2
134.312 -2
134.375 -1
134.438 0
134.500 -1
134.562 -2
134.625 -2
134.688 1
134.750 -1
134.812 -3
134.875 1
134.938 1
135.000 -3
135.062 -3
135.125 1
135.188 4
135.250 0
135.312 -1
135.375 4
135.438 3
135.500 0
135.562 -2
135.625 1
135.688 0
135.750 -2
135.812 -2
135.875 -2
135.938 -1
136.000 -5
136.062 -1
136.125 1
136.188 -1
136.250 -2
136.312 -2
136.375 4
136.438 -1
136.500 -1
136.562 -2
136.625 -1
136.688 -1
136.750 -5
136.812 2
136.875 -1
136.938 -1
137.000 5
137.062 0
137.125 1
137.188 3
137.250 0
137.312 -1
137.375 -4
137.438 0
137.500 2
137.562 -2
137.625 -1
137.688 0
137.750 3
137.812 2
137.875 0
137.938 1
138.000 2
138.062 1
138.125 0
138.188 3
138.250 0
138.312 1
138.375 3
138.438 5
138.500 5
138.562 3
138.625 5
138.688 0
138.750 4
138.812 2
138.875 0
138.938 2
139.000 -3
139.062 0
139.125 0
139.188 5
139.250 3
139.312 -3
139.375 2
139.438 2
139.500 2
139.562 0
139.625 0
139.688 -1
139.750 -8
139.812 -2
139.875 -1
139.938 -2
140.000 0
140.062 3
140.125 6
140.188 2
140.250 1
140.312 1
140.375 -1
140.438 1
140.500 -2
140.562 -3
140.625 -3
140.688 0
140.750 3
140.812 3
140.875 -3
140.938 4
141.000 8
141.062 -3
141.125 2
141.188 2
141.250 2
141.312 3
141.375 -2
141.438 5
141.500 1
141.562 -1
141.625 8
141.688 7
141.750 8
141.812 3
141.875 -3
141.938 -1
142.000 0
142.062 1
142.125 1
142.188 -1
142.250 -2
142.312 2
142.375 2
142.438 0
142.500 -2
142.562 -1
142.625 3
142.688 2
142.750 -3
142.812 3
142.875 6
142.938 -2
143.000 8
143.062 6
143.125 -2
143.188 2
143.250 2
143.312 1
143.375 -2
143.438 -1
143.500 -1
143.562 -1
143.625 2
143.688 1
143.750 -1
143.812 6
143.875 2
143.938 -2
144.000 7
144.062 2
144.125 1
144.188 2
144.250 -1
144.312 -2
144.375 6
144.438 3
144.500 -2
144.562 0
144.625 -4
144.688 -2
144.750 3
144.812 2
144.875 -10
144.938 0
145.000 3
145.062 -8
145.125 2
145.188 3
145.250 7
145.312 8
145.375 14
145.438 20
145.500 8
145.562 17
145.625 9
145.688 2
145.750 5
145.812 -2
145.875 4
145.938 -2
146.000 -1
146.062 1
146.125 -3
146.188 2
146.250 -5
146.312 -5
146.375 -1
146.438 1
146.500 9
146.562 12
146.625 6
146.688 7
146.750 17
146.812 13
146.875 16
146.938 9
147.000 -3
147.062 -2
147.125 -4
147.188 1
147.250 -4
147.312 -6
147.375 1
147.438 -4
147.500 -2
147.562 5
147.625 4
147.688 5
147.750 -1
147.812 6
147.875 11
147.938 5
148.000 15
148.062 7
148.125 6
148.188 21
148.250 23
148.312 19
148.375 5
148.438 -4
148.500 6
148.562 0
148.625 -13
148.688 2
148.750 -5
148.812 -10
148.875 4
148.938 4
149.000 10
149.062 20
149.125 27
149.188 9
149.250 5
149.312 16
149.375 8
149.438 16
149.500 8
149.562 -5
149.625 2
149.688 -1
149.750 1
149.812 -3
149.875 -3
149.938 -8
150.000 -13
150.062 -2
150.125 -9
150.188 -5
150.250 1
150.312 0
150.375 5
150.438 2
150.500 13
150.562 25
150.625 30
150.688 17
150.750 15
150.812 21
150.875 15
150.938 9
151.000 6
151.062 -8
151.125 -19
151.188 -5
151.250 -21
151.312 -22
151.375 -21
151.438 -31
151.500 -11
151.562 5
151.625 22
151.688 31
151.750 23
151.812 8
151.875 16
151.938 34
152.000 16
152.062 2
152.125 12
152.188 15
152.250 32
152.312 31
152.375 2
152.438 9
152.500 3
152.562 -15
152.625 -24
152.688 -37
152.750 -38
152.812 -28
152.875 -21
152.938 -14
153.000 10
153.062 17
153.125 26
153.188 48
153.250 54
153.312 62
153.375 33
153.438 -3
153.500 2
153.562 -8
153.625 -14
153.688 -25
153.750 -45
153.812 -41
153.875 -18
153.938 -3
154.000 -2
154.062 24
154.125 17
154.188 4
154.250 28
154.312 24
154.375 22
154.438 10
154.500 -14
154.562 -4
154.625 -5
154.688 21
154.750 30
154.812 3
154.875 6
154.938 -11
155.000 10
155.062 22
155.125 0
155.188 0
155.250 -13
155.312 -11
155.375 -2
155.438 17
155.500 0
155.562 -3
155.625 -7
155.688 -41
155.750 2
155.812 -1
155.875 4
155.938 20
156.000 -12
156.062 -2
156.125 25
156.188 60
156.250 69
156.312 54
156.375 20
156.438 15
156.500 35
156.562 26
156.625 15
156.688 -9
156.750 -31
156.812 -25
156.875 -13
156.938 -5
157.000 -6
157.062 -27
157.125 -8
157.188 7
157.250 -14
157.312 3
157.375 -10
157.438 -20
157.500 -2
157.562 -11
157.625 10
157.688 18
157.750 18
157.812 21
157.875 1
157.938 4
158.000 -30
158.062 -28
158.125 58
158.188 58
158.250 68
158.312 76
158.375 47
158.438 183
158.500 153
158.562 36
158.625 61
158.688 -66
158.750 -43
158.812 4
158.875 -96
158.938 -88
159.000 -133
159.062 -94
159.125 -16
159.188 5
159.250 56
159.312 30
159.375 39
159.438 75
159.500 66
159.562 79
159.625 40
159.688 -1
159.750 85
159.812 45
159.875 -34
159.938 19
160.000 -52
160.062 -31
160.125 55
160.188 -1
160.250 11
160.312 -1
160.375 -27
160.438 51
160.500 114
160.562 150
160.625 179
160.688 141
160.750 133
160.812 129
160.875 101
160.938 41
161.000 -123
161.062 -81
161.125 -149
161.188 -195
161.250 -24
161.312 -180
161.375 -116
161.438 11
161.500 -42
161.562 123
161.625 90
161.688 22
161.750 72
161.812 -2
161.875 0
161.938 8
162.000 -19
162.062 17
162.125 64
162.188 91
162.250 20
162.312 24
162.375 -19
162.438 -163
162.500 -164
162.562 -193
162.625 -244
162.688 -157
162.750 -67
162.812 -60
162.875 69
162.938 151
163.000 103
163.062 180
163.125 121
163.188 7
163.250 -7
163.312 -106
163.375 -157
163.438 -115
163.500 -153
163.562 -186
163.625 -70
163.688 2
163.750 -41
163.812 -82
163.875 -28
163.938 -117
164.000 -157
164.062 -56
164.125 -168
164.188 -56
164.250 76
164.312 4
164.375 97
164.438 159
164.500 134
164.562 11
164.625 -65
164.688 -54
164.750 -270
164.812 -282
164.875 -188
164.938 -187
165.000 -60
165.062 -88
165.125 -7
165.188 33
165.250 75
165.312 158
165.375 -42
165.438 -20
165.500 -64
165.562 -101
165.625 26
165.688 -45
165.750 33
165.812 33
165.875 10
165.938 114
166.000 110
166.062 111
166.125 59
166.188 10
166.250 -15
166.312 -18
166.375 -11
166.438 -31
166.500 -28
166.562 -30
166.625 10
166.688 4
166.750 51
166.812 145
166.875 57
166.938 98
167.000 156
167.062 123
167.125 202
167.188 192
167.250 172
167.312 180
167.375 204
167.438 203
167.500 163
167.562 182
167.625 141
167.688 74
167.750 115
167.812 121
167.875 55
167.938 109
168.000 63
168.062 72
168.125 150
168.188 71
168.250 145
168.312 123
168.375 86
168.438 175
168.500 99
168.562 130
168.625 123
168.688 44
168.750 74
168.812 20
168.875 24
168.938 6
169.000 -17
169.062 45
169.125 2
169.188 47
169.250 57
169.312 -39
169.375 3
169.438 -45
169.500 -131
169.562 -130
169.625 -149
169.688 -127
169.750 -159
169.812 -73
169.875 110
169.938 -54
170.000 -4
170.062 114
170.125 -291
170.188 -186
170.250 -173
170.312 -443
170.375 -219
170.438 -325
170.500 -262
170.562 -183
170.625 -85
170.688 283
170.750 23
170.812 -63
170.875 -89
170.938 -205
171.000 -139
171.062 -237
171.125 -289
171.188 -464
171.250 -327
171.312 -259
171.375 -167
171.438 39
171.500 -198
171.562 -95
171.625 -158
171.688 -152
171.750 17
171.812 -257
171.875 -274
171.938 -143
172.000 -153
172.062 -139
172.125 73
172.188 15
172.250 -47
172.312 173
172.375 -20
172.438 -26
172.500 13
172.562 -207
172.625 -194
172.688 -294
172.750 -242
172.812 -191
172.875 -199
172.938 -28
173.000 -85
173.062 22
173.125 136
173.188 85
173.250 159
173.312 131
173.375 124
173.438 134
173.500 130
173.562 186
173.625 224
173.688 242
173.750 372
173.812 534
173.875 511
173.938 589
174.000 570
174.062 489
174.125 514
174.188 390
174.250 325
174.312 202
174.375 147
174.438 168
174.500 109
174.562 204
174.625 240
174.688 180
174.750 253
174.812 282
174.875 246
174.938 284
175.000 269
175.062 239
175.125 273
175.188 283
175.250 293
175.312 293
175.375 281
175.438 262
175.500 151
175.562 135
175.625 98
175.688 -43
175.750 -58
175.812 -106
175.875 -152
175.938 -114
176.000 -73
176.062 -37
176.125 0
176.188 -10
176.250 26
176.312 39
176.375 -62
176.438 -2
176.500 -68
176.562 -190
176.625 -116
176.688 -168
176.750 -185
176.812 -153
176.875 -151
176.938 -197
177.000 -145
177.062 -132
177.125 -306
177.188 -246
177.250 -292
177.312 -333
177.375 -366
177.438 -459
177.500 -328
177.562 -432
177.625 -418
177.688 -312
177.750 -357
177.812 -235
177.875 -391
177.938 -311
178.000 -203
178.062 -546
178.125 -212
178.188 -374
178.250 -735
178.312 -303
178.375 -588
178.438 -633
178.500 -284
178.562 -520
178.625 -608
178.688 -441
178.750 -492
178.812 -562
178.875 -476
178.938 -713
179.000 -822
179.062 -718
179.125 -642
179.188 -317
179.250 35
179.312 392
179.375 625
179.438 870
179.500 949
179.562 1084
179.625 1507
179.688 1437
179.750 1279
179.812 979
179.875 468
179.938 355
180.000 326
180.062 114
180.125 -259
180.188 -557
180.250 -698
180.312 -611
180.375 -293
180.438 -213
180.500 -293
180.562 -237
180.625 -7
180.688 315
180.750 608
180.812 777
180.875 711
180.938 755
181.000 893
181.062 931
181.125 918
181.188 757
181.250 497
181.312 243
181.375 94
181.438 -14
181.500 -157
181.562 -335
181.625 -465
181.688 -510
181.750 -478
181.812 -280
181.875 -101
181.938 -17
182.000 299
182.062 670
182.125 887
182.188 1192
182.250 1279
182.312 1022
182.375 882
182.438 646
182.500 278
182.562 40
182.625 -316
182.688 -533
182.750 -606
182.812 -539
182.875 -328
182.938 -309
183.000 -90
183.062 51
183.125 68
183.188 319
183.250 333
183.312 343
183.375 428
183.438 333
183.500 368
183.562 391
183.625 260
183.688 212
183.750 54
183.812 -184
183.875 -251
183.938 -394
184.000 -514
184.062 -496
184.125 -479
184.188 -404
184.250 -254
184.312 -42
184.375 83
184.438 140
184.500 241
184.562 202
184.625 37
184.688 62
184.750 -63
184.812 -443
184.875 -447
184.938 -552
185.000 -851
185.062 -656
185.125 -588
185.188 -652
185.250 -524
185.312 -619
185.375 -414
185.438 -216
185.500 -439
185.562 -373
185.625 -552
185.688 -669
185.750 -615
185.812 -650
185.875 -271
185.938 -693
186.000 -689
186.062 -259
186.125 -662
186.188 -323
186.250 -390
186.312 -774
186.375 -798
186.438 -1068
186.500 -1008
186.562 -1086
186.625 -804
186.688 -375
186.750 -107
186.812 584
186.875 856
186.938 1077
187.000 1465
187.062 1513
187.125 1490
187.188 1371
187.250 954
187.312 595
187.375 473
187.438 185
187.500 66
187.562 14
187.625 -307
187.688 -309
187.750 -182
187.812 -246
187.875 -244
187.938 -200
188.000 -239
188.062 -217
188.125 64
188.188 243
188.250 347
188.312 637
188.375 787
188.438 844
188.500 1038
188.562 1043
188.625 812
188.688 724
188.750 514
188.812 193
188.875 72
188.938 -39
189.000 -243
189.062 -269
189.125 -238
189.188 -275
189.250 -85
189.312 71
189.375 401
189.438 681
189.500 656
189.562 867
189.625 846
189.688 716
189.750 698
189.812 473
189.875 242
189.938 9
190.000 -74
190.062 -124
190.125 -174
190.188 -112
190.250 -109
190.312 -89
190.375 -12
190.438 85
190.500 96
190.562 168
190.625 194
190.688 202
190.750 339
190.812 347
190.875 364
190.938 370
191.000 258
191.062 153
191.125 44
191.188 -175
191.250 -279
191.312 -355
191.375 -496
191.438 -402
191.500 -346
191.562 -238
191.625 -91
191.688 -37
191.750 112
191.812 97
191.875 91
191.938 81
192.000 -82
192.062 -93
192.125 -198
192.188 -341
192.250 -284
192.312 -379
192.375 -505
192.438 -492
192.500 -544
192.562 -544
192.625 -457
192.688 -478
192.750 -587
192.812 -527
192.875 -586
192.938 -701
193.000 -591
193.062 -706
193.125 -689
193.188 -640
193.250 -606
193.312 -457
193.375 -663
193.438 -641
193.500 -535
193.562 -672
193.625 -729
193.688 -606
193.750 -704
193.812 -936
193.875 -758
193.938 -881
194.000 -982
194.062 -1010
194.125 -1290
194.188 -1267
194.250 -1001
194.312 -311
194.375 352
194.438 951
194.500 1432
194.562 1735
194.625 2271
194.688 2455
194.750 2414
194.812 1943
194.875 1187
194.938 691
195.000 192
195.062 -167
195.125 -462
195.188 -748
195.250 -937
195.312 -837
195.375 -558
195.438 -362
195.500 -214
195.562 -121
195.625 -22
195.688 124
195.750 413
195.812 620
195.875 732
195.938 952
196.000 1091
196.062 1200
196.125 1345
196.188 1307
196.250 1056
196.312 757
196.375 418
196.438 61
196.500 -196
196.562 -438
196.625 -637
196.688 -729
196.750 -682
196.812 -420
196.875 -39
196.938 472
197.000 834
197.062 886
197.125 994
197.188 951
197.250 804
197.312 718
197.375 444
197.438 197
197.500 -45
197.562 -102
197.625 -12
197.688 -47
197.750 42
197.812 -48
197.875 -134
197.938 -13
198.000 -13
198.062 68
198.125 133
198.188 114
198.250 261
198.312 396
198.375 502
198.438 609
198.500 450
198.562 283
198.625 180
198.688 -48
198.750 -179
198.812 -337
198.875 -494
198.938 -517
199.000 -491
199.062 -306
199.125 -134
199.188 -63
199.250 34
199.312 61
199.375 99
199.438 147
199.500 45
199.562 5
199.625 -98
199.688 -299
199.750 -229
199.812 -267
199.875 -416
199.938 -416
200.000 -527
200.062 -612
200.125 -553
200.188 -552
200.250 -578
200.312 -584
200.375 -619
200.438 -550
200.500 -529
200.562 -403
200.625 -397
200.688 -500
200.750 -362
200.812 -654
200.875 -871
200.938 -695
201.000 -995
201.062 -1144
201.125 -826
201.188 -1018
201.250 -879
201.312 -557
201.375 -865
201.438 -659
201.500 -697
201.562 -906
201.625 -742
201.688 -1076
201.750 -1221
201.812 -1426
201.875 -1391
201.938 -792
202.000 -216
202.062 992
202.125 1707
202.188 2061
202.250 2755
202.312 2730
202.375 2803
202.438 2700
202.500 1723
202.562 771
202.625 45
202.688 -579
202.750 -923
202.812 -905
202.875 -1021
202.938 -1076
203.000 -781
203.062 -420
203.125 -87
203.188 205
203.250 329
203.312 136
203.375 337
203.438 583
203.500 638
203.562 1053
203.625 1132
203.688 1141
203.750 1395
203.812 1390
203.875 1283
203.938 1015
204.000 534
204.062 20
204.125 -365
204.188 -600
204.250 -861
204.312 -927
204.375 -835
204.438 -658
204.500 -235
204.562 460
204.625 967
204.688 1168
204.750 1317
204.812 1069
204.875 993
204.938 942
205.000 546
205.062 411
205.125 85
205.188 -192
205.250 -40
205.312 30
205.375 34
205.438 28
205.500 -72
205.562 -163
205.625 -46
205.688 64
205.750 116
205.812 219
205.875 293
205.938 430
206.000 597
206.062 729
206.125 620
206.188 408
206.250 181
206.312 -128
206.375 -319
206.438 -504
206.500 -654
206.562 -685
206.625 -654
206.688 -476
206.750 -216
206.812 -1
206.875 173
206.938 202
207.000 210
207.062 209
207.125 110
207.188 46
207.250 -135
207.312 -320
207.375 -447
207.438 -527
207.500 -522
207.562 -583
207.625 -628
207.688 -744
207.750 -709
207.812 -637
207.875 -594
207.938 -399
208.000 -527
208.062 -447
208.125 -309
208.188 -497
208.250 -397
208.312 -453
208.375 -621
208.438 -711
208.500 -883
208.562 -932
208.625 -1092
208.688 -1127
208.750 -1025
208.812 -1116
208.875 -1036
208.938 -927
209.000 -1013
209.062 -756
209.125 -589
209.188 -878
209.250 -712
209.312 -885
209.375 -1451
209.438 -1482
209.500 -1459
209.562 -928
209.625 194
209.688 1276
209.750 2030
209.812 2514
209.875 2912
209.938 3141
210.000 3340
210.062 2902
210.125 1630
210.188 466
210.250 -411
210.312 -1004
210.375 -1053
210.438 -1151
210.500 -1445
210.562 -1239
210.625 -816
210.688 -345
210.750 310
210.812 505
210.875 299
210.938 340
211.000 458
211.062 612
211.125 911
211.188 1025
211.250 1049
211.312 1199
211.375 1449
211.438 1515
211.500 1361
211.562 1079
211.625 458
211.688 -88
211.750 -397
211.812 -797
211.875 -1009
211.938 -1034
212.000 -1046
212.062 -733
212.125 -262
212.188 351
212.250 1087
212.312 1508
212.375 1652
212.438 1504
212.500 1418
212.562 1240
212.625 759
212.688 469
212.750 -61
212.812 -449
212.875 -474
212.938 -478
213.000 -269
213.062 -239
213.125 -190
213.188 -57
213.250 96
213.312 286
213.375 370
213.438 506
213.500 481
213.562 503
213.625 643
213.688 638
213.750 525
213.812 295
213.875 15
213.938 -271
214.000 -471
214.062 -668
214.125 -831
214.188 -805
214.250 -783
214.312 -580
214.375 -240
214.438 -2
214.500 271
214.562 345
214.625 342
214.688 391
214.750 251
214.812 53
214.875 -83
214.938 -288
215.000 -520
215.062 -563
215.125 -592
215.188 -663
215.250 -671
215.312 -692
215.375 -650
215.438 -668
215.500 -553
215.562 -441
215.625 -517
215.688 -206
215.750 -231
215.812 -346
215.875 -278
215.938 -456
216.000 -404
216.062 -695
216.125 -841
216.188 -1026
216.250 -1270
216.312 -1103
216.375 -1322
216.438 -985
216.500 -863
216.562 -1210
216.625 -762
216.688 -791
216.750 -889
216.812 -609
216.875 -934
216.938 -979
217.000 -1022
217.062 -1325
217.125 -1357
217.188 -1361
217.250 -725
217.312 114
217.375 1136
217.438 2178
217.500 2497
217.562 2960
217.625 3223
217.688 3131
217.750 2798
217.812 1808
217.875 632
217.938 -258
218.000 -840
218.062 -1177
218.125 -1235
218.188 -1374
218.250 -1325
218.312 -915
218.375 -392
218.438 137
218.500 331
218.562 458
218.625 470
218.688 497
218.750 824
218.812 938
218.875 1047
218.938 1216
219.000 1232
219.062 1391
219.125 1479
219.188 1323
219.250 981
219.312 526
219.375 5
219.438 -423
219.500 -684
219.562 -974
219.625 -1035
219.688 -920
219.750 -756
219.812 -261
219.875 384
219.938 925
220.000 1412
220.062 1612
220.125 1468
220.188 1421
220.250 1251
220.312 770
220.375 462
220.438 22
220.500 -448
220.562 -456
220.625 -431
220.688 -313
220.750 -206
220.812 -166
220.875 -1
220.938 119
221.000 326
221.062 414
221.125 482
221.188 521
221.250 447
221.312 566
221.375 513
221.438 369
221.500 287
221.562 -50
221.625 -318
221.688 -398
221.750 -635
221.812 -739
221.875 -663
221.938 -675
222.000 -483
222.062 -208
222.125 43
222.188 222
222.250 271
222.312 363
222.375 229
222.438 114
222.500 44
222.562 -226
222.625 -374
222.688 -541
222.750 -672
222.812 -671
222.875 -660
222.938 -604
223.000 -621
223.062 -534
223.125 -525
223.188 -542
223.250 -344
223.312 -321
223.375 -315
223.438 -294
223.500 -304
223.562 -433
223.625 -585
223.688 -566
223.750 -814
223.812 -990
223.875 -1072
223.938 -1257
224.000 -1385
224.062 -1308
224.125 -1079
224.188 -1184
224.250 -994
224.312 -674
224.375 -634
224.438 -346
224.500 -339
224.562 -536
224.625 -624
224.688 -902
224.750 -1182
224.812 -1527
224.875 -1972
224.938 -1568
225.000 -511
225.062 265
225.125 1504
225.188 2450
225.250 2600
225.312 3358
225.375 3759
225.438 3265
225.500 2586
225.562 1457
225.625 248
225.688 -537
225.750 -908
225.812 -1240
225.875 -1487
225.938 -1336
226.000 -1166
226.062 -725
226.125 -26
226.188 233
226.250 327
226.312 409
226.375 380
226.438 560
226.500 726
226.562 826
226.625 1068
226.688 1201
226.750 1316
226.812 1535
226.875 1573
226.938 1328
227.000 943
227.062 449
227.125 -141
227.188 -568
227.250 -783
227.312 -1077
227.375 -1121
227.438 -845
227.500 -612
227.562 -113
227.625 492
227.688 843
227.750 1254
227.812 1724
227.875 1540
227.938 1354
228.000 1425
228.062 695
228.125 354
228.188 253
228.250 -355
228.312 -396
228.375 -449
228.438 -508
228.500 -304
228.562 -270
228.625 -33
228.688 157
228.750 203
228.812 375
228.875 475
228.938 541
229.000 591
229.062 551
229.125 543
229.188 353
229.250 146
229.312 34
229.375 -347
229.438 -506
229.500 -586
229.562 -857
229.625 -730
229.688 -556
229.750 -504
229.812 -178
229.875 14
229.938 122
230.000 316
230.062 293
230.125 259
230.188 162
230.250 -7
230.312 -182
230.375 -359
230.438 -444
230.500 -631
230.562 -664
230.625 -632
230.688 -780
230.750 -661
230.812 -518
230.875 -661
230.938 -493
231.000 -237
231.062 -386
231.125 -241
231.188 -245
231.250 -484
231.312 -222
231.375 -481
231.438 -583
231.500 -471
231.562 -882
231.625 -930
231.688 -1062
231.750 -1090
231.812 -1206
231.875 -1324
231.938 -977
232.000 -1038
232.062 -1025
232.125 -559
232.188 -647
232.250 -1003
232.312 -662
232.375 -876
232.438 -1283
232.500 -1111
232.562 -1596
232.625 -2038
232.688 -1460
232.750 -404
232.812 468
232.875 1634
232.938 2399
233.000 2580
233.062 3459
233.125 3804
233.188 3406
233.250 2799
233.312 1544
233.375 291
233.438 -311
233.500 -773
233.562 -1365
233.625 -1408
233.688 -1560
233.750 -1555
233.812 -762
233.875 -271
233.938 -1
234.000 314
234.062 393
234.125 393
234.188 707
234.250 1040
234.312 984
234.375 1201
234.438 1488
234.500 1346
234.562 1533
234.625 1698
234.688 1211
234.750 854
234.812 469
234.875 -318
234.938 -614
235.000 -716
235.062 -1179
235.125 -1116
235.188 -857
235.250 -791
235.312 -125
235.375 381
235.438 569
235.500 1070
235.562 1164
235.625 1246
235.688 1539
235.750 1512
235.812 1196
235.875 864
235.938 666
236.000 88
236.062 -76
236.125 -19
236.188 -578
236.250 -588
236.312 -479
236.375 -577
236.438 -123
236.500 155
236.562 193
236.625 458
236.688 596
236.750 598
236.812 725
236.875 704
236.938 438
237.000 258
237.062 68
237.125 -217
237.188 -365
237.250 -417
237.312 -692
237.375 -722
237.438 -572
237.500 -646
237.562 -325
237.625 -67
237.688 -61
237.750 133
237.812 259
237.875 316
237.938 307
238.000 275
238.062 87
238.125 -151
238.188 -272
238.250 -478
238.312 -565
238.375 -657
238.438 -764
238.500 -859
238.562 -820
238.625 -635
238.688 -663
238.750 -489
238.812 -413
238.875 -371
238.938 -231
239.000 -314
239.062 -227
239.125 -206
239.188 -416
239.250 -607
239.312 -615
239.375 -958
239.438 -1358
239.500 -1343
239.562 -1464
239.625 -1651
239.688 -1487
239.750 -1134
239.812 -1116
239.875 -648
239.938 -383
240.000 -591
240.062 -369
240.125 -817
240.188 -1070
240.250 -1255
240.312 -1877
240.375 -2207
240.438 -1913
240.500 -556
240.562 418
240.625 1777
240.688 2990
240.750 3173
240.812 4083
240.875 4368
240.938 3718
241.000 2839
241.062 1388
241.125 -108
241.188 -967
241.250 -1400
241.312 -1932
241.375 -1959
241.438 -1717
241.500 -1399
241.562 -625
241.625 66
241.688 426
241.750 576
241.812 728
241.875 660
241.938 668
242.000 949
242.062 891
242.125 1069
242.188 1419
242.250 1434
242.312 1608
242.375 1671
242.438 1346
242.500 931
242.562 353
242.625 -327
242.688 -905
242.750 -1178
242.812 -1360
242.875 -1496
242.938 -1065
243.000 -689
243.062 -363
243.125 512
243.188 936
243.250 1034
243.312 1450
243.375 1329
243.438 1164
243.500 1238
243.562 985
243.625 1015
243.688 641
243.750 202
243.812 312
243.875 -183
243.938 -309
244.000 -174
244.062 -537
244.125 -471
244.188 -305
244.250 -168
244.312 95
244.375 344
244.438 574
244.500 598
244.562 615
244.625 650
244.688 465
244.750 320
244.812 225
244.875 -169
244.938 -330
245.000 -377
245.062 -577
245.125 -468
245.188 -505
245.250 -487
245.312 -266
245.375 -186
245.438 24
245.500 175
245.562 264
245.625 277
245.688 245
245.750 233
245.812 24
245.875 -117
245.938 -320
246.000 -598
246.062 -707
246.125 -780
246.188 -812
246.250 -688
246.312 -586
246.375 -653
246.438 -393
246.500 -286
246.562 -349
246.625 -168
246.688 -341
246.750 -393
246.812 -426
246.875 -535
246.938 -529
247.000 -786
247.062 -853
247.125 -897
247.188 -1157
247.250 -1177
247.312 -1119
247.375 -1337
247.438 -1470
247.500 -1120
247.562 -1093
247.625 -1215
247.688 -620
247.750 -791
247.812 -999
247.875 -432
247.938 -1077
248.000 -1249
248.062 -1373
248.125 -2124
248.188 -712
248.250 250
248.312 982
248.375 2574
248.438 2440
248.500 3008
248.562 3979
248.625 3647
248.688 3218
248.750 1977
248.812 512
248.875 -438
248.938 -1106
249.000 -1395
249.062 -1811
249.125 -1843
249.188 -1492
249.250 -1173
249.312 -322
249.375 354
249.438 503
249.500 847
249.562 807
249.625 665
249.688 969
249.750 892
249.812 1019
249.875 1222
249.938 1103
250.000 1319
250.062 1318
250.125 1272
250.188 1128
250.250 532
250.312 94
250.375 -499
250.438 -924
250.500 -1000
250.562 -1252
250.625 -1125
250.688 -832
250.750 -620
250.812 29
250.875 615
250.938 800
251.000 1166
251.062 1320
251.125 1256
251.188 1487
251.250 1377
251.312 977
251.375 696
251.438 387
251.500 28
251.562 -146
251.625 -207
251.688 -466
251.750 -517
251.812 -342
251.875 -274
251.938 -6
252.000 293
252.062 349
252.125 469
252.188 670
252.250 572
252.312 501
252.375 558
252.438 228
252.500 43
252.562 10
252.625 -277
252.688 -362
252.750 -371
252.812 -540
252.875 -500
252.938 -364
253.000 -358
253.062 -147
253.125 77
253.188 100
253.250 228
253.312 327
253.375 256
253.438 226
253.500 132
253.562 -129
253.625 -323
253.688 -507
253.750 -678
253.812 -723
253.875 -754
253.938 -712
254.000 -711
254.062 -615
254.125 -426
254.188 -430
254.250 -320
254.312 -344
254.375 -381
254.438 -313
254.500 -455
254.562 -507
254.625 -644
254.688 -753
254.750 -1007
254.812 -1159
254.875 -1148
254.938 -1392
255.000 -1304
255.062 -1288
255.125 -1149
255.188 -879
255.250 -891
255.312 -683
255.375 -651
255.438 -795
255.500 -927
255.562 -1299
255.625 -1537
255.688 -2003
255.750 -1822
255.812 -444
255.875 180
255.938 1366
256.000 2543
256.062 2483
256.125 3646
256.188 4048
256.250 3358
256.312 2960
256.375 1512
256.438 206
256.500 -497
256.562 -1178
256.625 -1660
256.688 -1832
256.750 -1687
256.812 -1441
256.875 -802
256.938 -89
257.000 246
257.062 575
257.125 842
257.188 643
257.250 680
257.312 906
257.375 733
257.438 1016
257.500 1256
257.562 1079
257.625 1364
257.688 1408
257.750 1182
257.812 1065
257.875 541
257.938 -117
258.000 -596
258.062 -948
258.125 -1181
258.188 -1235
258.250 -1130
258.312 -939
258.375 -537
258.438 171
258.500 614
258.562 891
258.625 1242
258.688 1257
258.750 1254
258.812 1282
258.875 1281
258.938 1015
259.000 671
259.062 550
259.125 225
259.188 -24
259.250 -129
259.312 -317
259.375 -563
259.438 -539
259.500 -387
259.562 -356
259.625 39
259.688 305
259.750 448
259.812 762
259.875 789
259.938 814
260.000 716
260.062 482
260.125 268
260.188 -74
260.250 -310
260.312 -476
260.375 -559
260.438 -582
260.500 -589
260.562 -447
260.625 -312
260.688 -175
260.750 81
260.812 238
260.875 287
260.938 373
261.000 410
261.062 315
261.125 173
261.188 71
261.250 -238
261.312 -525
261.375 -619
261.438 -887
261.500 -916
261.562 -873
261.625 -914
261.688 -656
261.750 -576
261.812 -393
261.875 -197
261.938 -246
262.000 -110
262.062 -312
262.125 -404
262.188 -413
262.250 -813
262.312 -731
262.375 -1020
262.438 -1255
262.500 -892
262.562 -1398
262.625 -1178
262.688 -822
262.750 -1500
262.812 -771
262.875 -735
262.938 -1289
263.000 -586
263.062 -1140
263.125 -1449
263.188 -1262
263.250 -1890
263.312 -2124
263.375 -991
263.438 232
263.500 627
263.562 2425
263.625 2775
263.688 2631
263.750 4321
263.812 3757
263.875 2913
263.938 2429
264.000 707
264.062 -425
264.125 -783
264.188 -1453
264.250 -2111
264.312 -1662
264.375 -1655
264.438 -1413
264.500 -267
264.562 -15
264.625 287
264.688 840
264.750 809
264.812 652
264.875 944
264.938 918
265.000 792
265.062 1328
265.125 1272
265.188 1138
265.250 1495
265.312 1317
265.375 1041
265.438 851
265.500 245
265.562 -493
265.625 -847
265.688 -1062
265.750 -1432
265.812 -1251
265.875 -994
265.938 -954
266.000 -249
266.062 372
266.125 582
266.188 1027
266.250 1235
266.312 1160
266.375 1278
266.438 1250
266.500 1026
266.562 886
266.625 704
266.688 539
266.750 316
266.812 136
266.875 41
266.938 -359
267.000 -429
267.062 -380
267.125 -620
267.188 -328
267.250 -79
267.312 37
267.375 509
267.438 715
267.500 756
267.562 917
267.625 856
267.688 553
267.750 357
267.812 55
267.875 -391
267.938 -465
268.000 -510
268.062 -645
268.125 -462
268.188 -299
268.250 -267
268.312 -1
268.375 236
268.438 192
268.500 326
268.562 388
268.625 197
268.688 228
268.750 197
268.812 -69
268.875 -213
268.938 -294
269.000 -574
269.062 -674
269.125 -655
269.188 -858
269.250 -804
269.312 -628
269.375 -684
269.438 -528
269.500 -229
269.562 -294
269.625 -294
269.688 -11
269.750 -331
269.812 -364
269.875 -123
269.938 -993
270.000 -843
270.062 -633
270.125 -1521
270.188 -1055
270.250 -1090
270.312 -1614
270.375 -1091
270.438 -1141
270.500 -1248
270.562 -974
270.625 -894
270.688 -1014
270.750 -1140
270.812 -1092
270.875 -1455
270.938 -1894
271.000 -1347
271.062 -318
271.125 324
271.188 1610
271.250 2429
271.312 2405
271.375 3540
271.438 3819
271.500 3237
271.562 2863
271.625 1382
271.688 130
271.750 -426
271.812 -1153
271.875 -1775
271.938 -1867
272.000 -1723
272.062 -1624
272.125 -815
272.188 -128
272.250 47
272.312 708
272.375 940
272.438 684
272.500 987
272.562 1005
272.625 754
272.688 1141
272.750 1243
272.812 1006
272.875 1250
272.938 1274
273.000 987
273.062 951
273.125 532
273.188 -175
273.250 -573
273.312 -941
273.375 -1211
273.438 -1226
273.500 -1110
273.562 -1016
273.625 -666
273.688 -20
273.750 363
273.812 806
273.875 1127
273.938 1002
274.000 1146
274.062 1228
274.125 951
274.188 881
274.250 807
274.312 406
274.375 357
274.438 293
274.500 -45
274.562 123
274.625 -107
274.688 -282
274.750 -94
274.812 -354
274.875 -150
274.938 38
275.000 79
275.062 417
275.125 445
275.188 571
275.250 687
275.312 571
275.375 608
275.438 378
275.500 39
275.562 -63
275.625 -350
275.688 -483
275.750 -390
275.812 -444
275.875 -348
275.938 -165
276.000 -35
276.062 166
276.125 302
276.188 356
276.250 391
276.312 307
276.375 240
276.438 186
276.500 -51
276.562 -192
276.625 -319
276.688 -503
276.750 -575
276.812 -663
276.875 -649
276.938 -651
277.000 -618
277.062 -432
277.125 -357
277.188 -259
277.250 -121
277.312 -131
277.375 -163
277.438 -197
277.500 -369
277.562 -467
277.625 -539
277.688 -785
277.750 -873
277.812 -976
277.875 -1011
277.938 -1004
278.000 -1191
278.062 -1048
278.125 -1051
278.188 -1082
278.250 -789
278.312 -887
278.375 -876
278.438 -734
278.500 -967
278.562 -893
278.625 -984
278.688 -1370
278.750 -1587
278.812 -1884
278.875 -878
278.938 169
279.000 555
279.062 1919
279.125 2262
279.188 2650
279.250 3800
279.312 3416
279.375 2879
279.438 2138
279.500 770
279.562 -13
279.625 -630
279.688 -1364
279.750 -1765
279.812 -1707
279.875 -1563
279.938 -1155
280.000 -486
280.062 -43
280.125 313
280.188 744
280.250 827
280.312 676
280.375 939
280.438 853
280.500 777
280.562 1216
280.625 1011
280.688 1021
280.750 1303
280.812 1072
280.875 1055
280.938 808
281.000 191
281.062 -270
281.125 -670
281.188 -970
281.250 -1122
281.312 -1151
281.375 -1079
281.438 -817
281.500 -355
281.562 138
281.625 539
281.688 855
281.750 1016
281.812 1098
281.875 1135
281.938 1098
282.000 985
282.062 680
282.125 607
282.188 434
282.250 156
282.312 275
282.375 20
282.438 -168
282.500 -100
282.562 -329
282.625 -301
282.688 -229
282.750 -157
282.812 1
282.875 165
282.938 469
283.000 484
283.062 660
283.125 787
283.188 514
283.250 538
283.312 285
283.375 -75
283.438 -54
283.500 -349
283.562 -494
283.625 -322
283.688 -452
283.750 -303
283.812 -7
283.875 -49
283.938 137
284.000 267
284.062 211
284.125 278
284.188 254
284.250 220
284.312 90
284.375 -23
284.438 -99
284.500 -330
284.562 -378
284.625 -482
284.688 -677
284.750 -600
284.812 -651
284.875 -622
284.938 -404
285.000 -428
285.062 -247
285.125 -118
285.188 -203
285.250 -183
285.312 -187
285.375 -308
285.438 -401
285.500 -456
285.562 -851
285.625 -716
285.688 -836
285.750 -1136
285.812 -657
285.875 -1101
285.938 -1253
286.000 -739
286.062 -1099
286.125 -1127
286.188 -646
286.250 -1051
286.312 -1230
286.375 -818
286.438 -1183
286.500 -1270
286.562 -1130
286.625 -1722
286.688 -1617
286.750 -274
286.812 288
286.875 1049
286.938 2461
287.000 2297
287.062 2941
287.125 3792
287.188 2974
287.250 2560
287.312 1747
287.375 354
287.438 -416
287.500 -867
287.562 -1646
287.625 -1859
287.688 -1464
287.750 -1550
287.812 -987
287.875 -225
287.938 -12
288.000 445
288.062 899
288.125 832
288.188 781
288.250 1011
288.312 848
288.375 924
288.438 1289
288.500 1067
288.562 1025
288.625 1201
288.688 958
288.750 763
288.812 533
288.875 -59
288.938 -587
289.000 -812
289.062 -1132
289.125 -1241
289.188 -1019
289.250 -968
289.312 -677
289.375 -101
289.438 274
289.500 664
289.562 1039
289.625 1040
289.688 1075
289.750 1112
289.812 913
289.875 816
289.938 692
290.000 384
290.062 328
290.125 241
290.188 -59
290.250 53
290.312 -81
290.375 -334
290.438 -167
290.500 -277
290.562 -289
290.625 -53
290.688 42
290.750 160
290.812 361
290.875 585
290.938 614
291.000 699
291.062 732
291.125 418
291.188 294
291.250 117
291.312 -218
291.375 -223
291.438 -295
291.500 -471
291.562 -322
291.625 -234
291.688 -196
291.750 85
291.812 179
291.875 151
291.938 284
292.000 293
292.062 194
292.125 252
292.188 166
292.250 -63
292.312 -84
292.375 -181
292.438 -371
292.500 -372
292.562 -434
292.625 -598
292.688 -555
292.750 -511
292.812 -565
292.875 -402
292.938 -333
293.000 -358
293.062 -166
293.125 -258
293.188 -229
293.250 -87
293.312 -412
293.375 -328
293.438 -449
293.500 -802
293.562 -579
293.625 -876
293.688 -958
293.750 -869
293.812 -1231
293.875 -1028
293.938 -928
294.000 -1096
294.062 -964
294.125 -832
294.188 -1043
294.250 -887
294.312 -713
294.375 -928
294.438 -876
294.500 -1183
294.562 -1437
294.625 -1567
294.688 -722
294.750 277
294.812 592
294.875 1969
294.938 2122
295.000 2454
295.062 3648
295.125 2999
295.188 2606
295.250 1945
295.312 551
295.375 -148
295.438 -721
295.500 -1420
295.562 -1720
295.625 -1519
295.688 -1502
295.750 -1073
295.812 -338
295.875 21
295.938 426
296.000 839
296.062 872
296.125 728
296.188 976
296.250 875
296.312 739
296.375 1145
296.438 903
296.500 833
296.562 1130
296.625 816
296.688 752
296.750 643
296.812 26
296.875 -375
296.938 -654
297.000 -986
297.062 -1063
297.125 -1016
297.188 -959
297.250 -709
297.312 -285
297.375 189
297.438 513
297.500 876
297.562 1023
297.625 918
297.688 1022
297.750 869
297.812 655
297.875 591
297.938 271
298.000 116
298.062 198
298.125 24
298.188 -10
298.250 63
298.312 -124
298.375 -39
298.438 -2
298.500 -92
298.562 43
298.625 39
298.688 116
298.750 228
298.812 243
298.875 333
298.938 347
299.000 391
299.062 352
299.125 263
299.188 242
299.250 63
299.312 -12
299.375 -22
299.438 -150
299.500 -132
299.562 -86
299.625 -80
299.688 61
299.750 139
299.812 159
299.875 232
299.938 197
300.000 152
300.062 149
300.125 30
300.188 -77
300.250 -115
300.312 -226
300.375 -265
300.438 -259
300.500 -311
300.562 -320
300.625 -289
300.688 -282
300.750 -306
300.812 -300
300.875 -310
300.938 -314
301.000 -350
301.062 -347
301.125 -275
301.188 -436
301.250 -348
301.312 -285
301.375 -555
301.438 -365
301.500 -465
301.562 -654
301.625 -459
301.688 -674
301.750 -904
301.812 -867
301.875 -1004
301.938 -1210
302.000 -888
302.062 -1020
302.125 -1179
302.188 -619
302.250 -972
302.312 -902
302.375 -511
302.438 -1115
302.500 -995
302.562 -1201
302.625 -1538
302.688 -412
302.750 97
302.812 580
302.875 1658
302.938 1759
303.000 2330
303.062 3021
303.125 2676
303.188 2281
303.250 1605
303.312 695
303.375 -78
303.438 -653
303.500 -1132
303.562 -1469
303.625 -1337
303.688 -1239
303.750 -972
303.812 -319
303.875 34
303.938 326
304.000 772
304.062 720
304.125 686
304.188 898
304.250 685
304.312 771
304.375 943
304.438 761
304.500 857
304.562 896
304.625 794
304.688 740
304.750 529
304.812 138
304.875 -295
304.938 -556
305.000 -768
305.062 -929
305.125 -889
305.188 -840
305.250 -673
305.312 -240
305.375 119
305.438 435
305.500 754
305.562 820
305.625 833
305.688 889
305.750 755
305.812 572
305.875 454
305.938 180
306.000 44
306.062 76
306.125 -37
306.188 26
306.250 53
306.312 -7
306.375 44
306.438 34
306.500 170
306.562 225
306.625 239
306.688 353
306.750 252
306.812 237
306.875 294
306.938 202
307.000 148
307.062 90
307.125 -51
307.188 -83
307.250 -42
307.312 -40
307.375 51
307.438 91
307.500 105
307.562 182
307.625 229
307.688 285
307.750 298
307.812 261
307.875 193
307.938 110
308.000 45
308.062 1
308.125 -80
308.188 -171
308.250 -206
308.312 -277
308.375 -278
308.438 -262
308.500 -254
308.562 -211
308.625 -243
308.688 -196
308.750 -189
308.812 -206
308.875 -183
308.938 -223
309.000 -343
309.062 -352
309.125 -273
309.188 -557
309.250 -486
309.312 -347
309.375 -758
309.438 -559
309.500 -420
309.562 -866
309.625 -512
309.688 -419
309.750 -1024
309.812 -623
309.875 -729
309.938 -1287
310.000 -764
310.062 -1100
310.125 -1394
310.188 -914
310.250 -1245
310.312 -1342
310.375 -1111
310.438 -1444
310.500 -1377
310.562 -239
310.625 283
310.688 731
310.750 1835
310.812 1832
310.875 2319
310.938 3127
311.000 2561
311.062 2067
311.125 1633
311.188 593
311.250 -137
311.312 -437
311.375 -1218
311.438 -1543
311.500 -1265
311.562 -1428
311.625 -1058
311.688 -426
311.750 -240
311.812 160
311.875 631
311.938 643
312.000 702
312.062 987
312.125 815
312.188 914
312.250 1142
312.312 895
312.375 923
312.438 955
312.500 761
312.562 617
312.625 434
312.688 10
312.750 -432
312.812 -608
312.875 -872
312.938 -1001
313.000 -856
313.062 -879
313.125 -709
313.188 -219
313.250 87
313.312 375
313.375 757
313.438 789
313.500 821
313.562 950
313.625 728
313.688 617
313.750 499
313.812 179
313.875 72
313.938 -24
314.000 -139
314.062 -156
314.125 -172
314.188 -124
314.250 -95
314.312 14
314.375 110
314.438 64
314.500 211
314.562 230
314.625 275
314.688 495
314.750 383
314.812 406
314.875 467
314.938 221
315.000 181
315.062 131
315.125 -150
315.188 -187
315.250 -183
315.312 -341
315.375 -214
315.438 -60
315.500 -18
315.562 226
315.625 376
315.688 420
315.750 505
315.812 496
315.875 406
315.938 310
316.000 191
316.062 -27
316.125 -136
316.188 -213
316.250 -331
316.312 -301
316.375 -299
316.438 -306
316.500 -244
316.562 -217
316.625 -198
316.688 -157
316.750 -163
316.812 -182
316.875 -186
316.938 -217
317.000 -208
317.062 -216
317.125 -317
317.188 -353
317.250 -278
317.312 -527
317.375 -635
317.438 -600
317.500 -927
317.562 -819
317.625 -870
317.688 -1012
317.750 -887
317.812 -1057
317.875 -813
317.938 -850
318.000 -1016
318.062 -766
318.125 -1103
318.188 -1212
318.250 -1129
318.312 -1470
318.375 -922
318.438 -141
318.500 164
318.562 1160
318.625 1689
318.688 1888
318.750 2686
318.812 2537
318.875 2160
318.938 1862
319.000 909
319.062 183
319.125 -385
319.188 -952
319.250 -1304
319.312 -1371
319.375 -1241
319.438 -1083
319.500 -604
319.562 -152
319.625 51
319.688 467
319.750 668
319.812 560
319.875 756
319.938 747
320.000 622
320.062 892
320.125 822
320.188 752
320.250 941
320.312 773
320.375 671
320.438 579
320.500 199
320.562 -135
320.625 -431
320.688 -743
320.750 -906
320.812 -929
320.875 -879
320.938 -726
321.000 -430
321.062 -70
321.125 228
321.188 563
321.250 779
321.312 802
321.375 859
321.438 765
321.500 577
321.562 469
321.625 229
321.688 44
321.750 -9
321.812 -155
321.875 -177
321.938 -163
322.000 -219
322.062 -149
322.125 -93
322.188 -21
322.250 45
322.312 82
322.375 162
322.438 194
322.500 274
322.562 331
322.625 425
322.688 471
322.750 386
322.812 393
322.875 282
322.938 152
323.000 69
323.062 -87
323.125 -189
323.188 -296
323.250 -268
323.312 -222
323.375 -173
323.438 27
323.500 98
323.562 194
323.625 344
323.688 352
323.750 365
323.812 360
323.875 255
323.938 187
324.000 110
324.062 -41
324.125 -60
324.188 -133
324.250 -219
324.312 -185
324.375 -234
324.438 -245
324.500 -199
324.562 -187
324.625 -236
324.688 -227
324.750 -196
324.812 -314
324.875 -312
324.938 -247
325.000 -381
325.062 -388
325.125 -396
325.188 -551
325.250 -457
325.312 -497
325.375 -697
325.438 -648
325.500 -841
325.562 -1029
325.625 -902
325.688 -1129
325.750 -1239
325.812 -1132
325.875 -1409
325.938 -1396
326.000 -987
326.062 -650
326.125 -177
326.188 505
326.250 909
326.312 1243
326.375 1832
326.438 1920
326.500 1823
326.562 1825
326.625 1291
326.688 785
326.750 442
326.812 -134
326.875 -516
326.938 -633
327.000 -895
327.062 -973
327.125 -740
327.188 -708
327.250 -514
327.312 -144
327.375 -55
327.438 110
327.500 357
327.562 409
327.625 575
327.688 818
327.750 846
327.812 908
327.875 1015
327.938 890
328.000 808
328.062 748
328.125 421
328.188 129
328.250 -123
328.312 -454
328.375 -658
328.438 -721
328.500 -818
328.562 -781
328.625 -561
328.688 -413
328.750 -157
328.812 175
328.875 345
328.938 491
329.000 649
329.062 649
329.125 646
329.188 655
329.250 492
329.312 395
329.375 307
329.438 146
329.500 87
329.562 -19
329.625 -134
329.688 -205
329.750 -282
329.812 -300
329.875 -316
329.938 -254
330.000 -118
330.062 -22
330.125 99
330.188 285
330.250 353
330.312 465
330.375 658
330.438 545
330.500 504
330.562 428
330.625 165
330.688 118
330.750 -44
330.812 -197
330.875 -236
330.938 -315
331.000 -283
331.062 -217
331.125 -102
331.188 -32
331.250 22
331.312 113
331.375 123
331.438 171
331.500 204
331.562 152
331.625 143
331.688 109
331.750 24
331.812 5
331.875 -34
331.938 -133
332.000 -142
332.062 -186
332.125 -269
332.188 -223
332.250 -278
332.312 -314
332.375 -266
332.438 -316
332.500 -267
332.562 -281
332.625 -308
332.688 -291
332.750 -390
332.812 -381
332.875 -455
332.938 -550
333.000 -540
333.062 -636
333.125 -675
333.188 -728
333.250 -786
333.312 -860
333.375 -884
333.438 -902
333.500 -983
333.562 -432
333.625 78
333.688 438
333.750 1076
333.812 1099
333.875 1388
333.938 1810
334.000 1551
334.062 1383
334.125 969
334.188 372
334.250 33
334.312 -320
334.375 -680
334.438 -837
334.500 -844
334.562 -858
334.625 -673
334.688 -425
334.750 -281
334.812 -82
334.875 155
334.938 228
335.000 276
335.062 435
335.125 431
335.188 570
335.250 776
335.312 732
335.375 814
335.438 826
335.500 666
335.562 615
335.625 416
335.688 81
335.750 -201
335.812 -506
335.875 -733
335.938 -794
336.000 -788
336.062 -740
336.125 -593
336.188 -340
336.250 -56
336.312 231
336.375 478
336.438 585
336.500 661
336.562 681
336.625 607
336.688 539
336.750 419
336.812 256
336.875 143
336.938 60
337.000 -55
337.062 -93
337.125 -146
337.188 -228
337.250 -240
337.312 -320
337.375 -380
337.438 -317
337.500 -273
337.562 -231
337.625 -90
337.688 30
337.750 162
337.812 348
337.875 466
337.938 491
338.000 496
338.062 432
338.125 258
338.188 226
338.250 147
338.312 -39
338.375 -80
338.438 -208
338.500 -238
338.562 -140
338.625 -164
338.688 -129
338.750 -74
338.812 -74
338.875 -33
338.938 12
339.000 10
339.062 59
339.125 66
339.188 44
339.250 72
339.312 91
339.375 124
339.438 107
339.500 132
339.562 57
339.625 -9
339.688 13
339.750 -134
339.812 -99
339.875 -147
339.938 -248
340.000 -146
340.062 -203
340.125 -129
340.188 -44
340.250 -46
340.312 37
340.375 18
340.438 12
340.500 44
340.562 1
340.625 -78
340.688 -111
340.750 -175
340.812 -205
340.875 -189
340.938 -169
341.000 -116
341.062 -115
341.125 -51
341.188 -67
341.250 -67
341.312 -2
341.375 -115
341.438 -86
341.500 -59
341.562 -174
341.625 -108
341.688 -66
341.750 -68
341.812 4
341.875 2
341.938 11
342.000 -7
342.062 -25
342.125 -65
342.188 -143
342.250 -126
342.312 -225
342.375 -251
342.438 -145
342.500 -120
342.562 -16
342.625 85
342.688 148
342.750 239
342.812 314
342.875 330
342.938 324
343.000 331
343.062 259
343.125 222
343.188 221
343.250 176
343.312 162
343.375 174
343.438 169
343.500 169
343.562 199
343.625 165
343.688 148
343.750 158
343.812 90
343.875 75
343.938 87
344.000 53
344.062 87
344.125 141
344.188 157
344.250 205
344.312 245
344.375 238
344.438 245
344.500 230
344.562 150
344.625 106
344.688 56
344.750 -10
344.812 -32
344.875 -59
344.938 -76
345.000 -58
345.062 -34
345.125 -30
345.188 -13
345.250 -5
345.312 -35
345.375 -70
345.438 -92
345.500 -144
345.562 -201
345.625 -227
345.688 -263
345.750 -297
345.812 -279
345.875 -292
345.938 -315
346.000 -291
346.062 -315
346.125 -329
346.188 -332
346.250 -354
346.312 -447
346.375 -502
346.438 -567
346.500 -674
346.562 -682
346.625 -720
346.688 -879
346.750 -730
346.812 6
346.875 343
346.938 711
347.000 1038
347.062 786
347.125 1351
347.188 1453
347.250 871
347.312 745
347.375 193
347.438 -182
347.500 -268
347.562 -596
347.625 -725
347.688 -562
347.750 -465
347.812 -427
347.875 -160
347.938 -52
348.000 5
348.062 182
348.125 187
348.188 97
348.250 168
348.312 241
348.375 207
348.438 490
348.500 592
348.562 530
348.625 732
348.688 596
348.750 454
348.812 470
348.875 137
348.938 -154
349.000 -347
349.062 -651
349.125 -698
349.188 -591
349.250 -585
349.312 -454
349.375 -223
349.438 -24
349.500 230
349.562 431
349.625 474
349.688 480
349.750 483
349.812 381
349.875 278
349.938 234
350.000 107
350.062 25
350.125 28
350.188 -30
350.250 -50
350.312 -17
350.375 -108
350.438 -180
350.500 -199
350.562 -294
350.625 -325
350.688 -314
350.750 -302
350.812 -197
350.875 -57
350.938 39
351.000 181
351.062 338
351.125 420
351.188 470
351.250 439
351.312 333
351.375 229
351.438 109
351.500 -50
351.562 -149
351.625 -221
351.688 -295
351.750 -286
351.812 -246
351.875 -186
351.938 -108
352.000 -59
352.062 -36
352.125 5
352.188 37
352.250 29
352.312 39
352.375 60
352.438 74
352.500 121
352.562 160
352.625 174
352.688 230
352.750 239
352.812 167
352.875 124
352.938 52
353.000 -42
353.062 -106
353.125 -201
353.188 -254
353.250 -236
353.312 -210
353.375 -178
353.438 -97
353.500 3
353.562 70
353.625 135
353.688 153
353.750 160
353.812 178
353.875 134
353.938 80
354.000 70
354.062 37
354.125 5
354.188 1
354.250 -26
354.312 -1
354.375 1
354.438 -46
354.500 -44
354.562 -63
354.625 -63
354.688 -81
354.750 -110
354.812 -76
354.875 -42
354.938 -3
355.000 4
355.062 58
355.125 133
355.188 132
355.250 148
355.312 143
355.375 127
355.438 95
355.500 38
355.562 -27
355.625 -56
355.688 -73
355.750 -114
355.812 -89
355.875 -81
355.938 -83
356.000 -20
356.062 -1
356.125 13
356.188 45
356.250 18
356.312 27
356.375 51
356.438 31
356.500 31
356.562 40
356.625 40
356.688 53
356.750 65
356.812 67
356.875 91
356.938 75
357.000 34
357.062 11
357.125 -11
357.188 -26
357.250 -70
357.312 -88
357.375 -85
357.438 -75
357.500 -26
357.562 -24
357.625 -17
357.688 50
357.750 63
357.812 58
357.875 81
357.938 59
358.000 50
358.062 56
358.125 12
358.188 9
358.250 5
358.312 -13
358.375 4
358.438 3
358.500 -1
358.562 -1
358.625 1
358.688 -8
358.750 -1
358.812 -6
358.875 -30
358.938 -15
359.000 -25
359.062 -15
359.125 18
359.188 25
359.250 32
359.312 35
359.375 60
359.438 64
359.500 55
359.562 34
359.625 11
359.688 20
359.750 2
359.812 -12
359.875 -9
359.938 -10
360.000 -4
360.062 -5
360.125 -12
360.188 4
360.250 12
360.312 -25
360.375 -15
360.438 3
360.500 -6
360.562 20
360.625 20
360.688 22
360.750 66
360.812 65
360.875 45
360.938 56
361.000 43
361.062 25
361.125 7
361.188 -25
361.250 -31
361.312 -36
361.375 -68
361.438 -53
361.500 -25
361.562 -33
361.625 -18
361.688 -7
361.750 35
361.812 58
361.875 31
361.938 48
362.000 56
362.062 57
362.125 46
362.188 12
362.250 25
362.312 23
362.375 -8
362.438 -1
362.500 -13
362.562 -20
362.625 -10
362.688 -36
362.750 -21
362.812 -12
362.875 -23
362.938 -4
363.000 -4
363.062 23
363.125 32
363.188 18
363.250 43
363.312 57
363.375 77
363.438 62
363.500 32
363.562 44
363.625 34
363.688 12
363.750 -6
363.812 -19
363.875 -18
363.938 -13
364.000 -34
364.062 -33
364.125 7
364.188 10
364.250 13
364.312 11
364.375 13
364.438 42
364.500 38
364.562 19
364.625 17
364.688 22
364.750 12
364.812 13
364.875 16
364.938 5
365.000 12
365.062 3
365.125 -12
365.188 -3
365.250 0
365.312 -11
365.375 -12
365.438 -4
365.500 -2
365.562 14
365.625 22
365.688 33
365.750 54
365.812 39
365.875 37
365.938 49
366.000 41
366.062 25
366.125 -1
366.188 -11
366.250 -14
366.312 -22
366.375 -21
366.438 -20
366.500 -1
366.562 -3
366.625 1
366.688 16
366.750 17
366.812 32
366.875 18
366.938 5
367.000 5
367.062 10
367.125 19
367.188 16
367.250 24
367.312 31
367.375 33
367.438 33
367.500 39
367.562 22
367.625 2
367.688 10
367.750 -7
367.812 -6
367.875 -5
367.938 -14
368.000 -3
368.062 -3
368.125 16
368.188 13
368.250 21
368.312 49
368.375 29
368.438 27
368.500 29
368.562 17
368.625 14
368.688 10
368.750 7
368.812 -1
368.875 -8
368.938 0
369.000 7
369.062 0
369.125 0
369.188 5
369.250 0
369.312 -2
369.375 6
369.438 7
369.500 2
369.562 8
369.625 3
369.688 8
369.750 32
369.812 34
369.875 34
369.938 38
370.000 32
370.062 30
370.125 9
370.188 -2
370.250 -6
370.312 -14
370.375 -9
370.438 -26
370.500 -19
370.562 -2
370.625 -2
370.688 11
370.750 10
370.812 -2
370.875 11
370.938 30
371.000 14
371.062 12
371.125 22
371.188 25
371.250 27
371.312 13
371.375 24
371.438 34
371.500 13
371.562 6
371.625 5
371.688 2
371.750 -3
371.812 -12
371.875 -8
371.938 0
372.000 -1
372.062 -2
372.125 0
372.188 11
372.250 17
372.312 12
372.375 3
372.438 7
372.500 17
372.562 6
372.625 3
372.688 10
372.750 11
372.812 10
372.875 3
372.938 10
373.000 17
373.062 7
373.125 2
373.188 2
373.250 1
373.312 3
373.375 -3
373.438 1
373.500 13
373.562 5
373.625 7
373.688 14
373.750 16
373.812 20
373.875 10
373.938 10
374.000 9
374.062 4
374.125 10
374.188 1
374.250 -2
374.312 5
374.375 0
374.438 -4
374.500 1
374.562 -1
374.625 -4
374.688 -1
374.750 -7
374.812 1
374.875 5
374.938 1
375.000 7
375.062 18
375.125 20
375.188 20
375.250 34
375.312 26
375.375 23
375.438 20
375.500 9
375.562 6
375.625 1
375.688 2
375.750 -3
375.812 2
375.875 4
375.938 -2
376.000 7
376.062 15
376.125 7
376.188 3
376.250 11
376.312 2
376.375 0
376.438 10
376.500 8
376.562 6
376.625 14
376.688 18
376.750 22
376.812 22
376.875 15
376.938 15
377.000 18
377.062 8
377.125 -2
377.188 -1
377.250 -4
377.312 -3
377.375 -1
377.438 -3
377.500 5
377.562 4
377.625 2
377.688 14
377.750 16
377.812 10
377.875 15
377.938 16
378.000 12
378.062 11
378.125 8
378.188 15
378.250 11
378.312 9
378.375 13
378.438 3
378.500 3
378.562 3
378.625 0
378.688 -3
378.750 -2
378.812 -1
378.875 0
378.938 1
379.000 -2
379.062 14
379.125 19
379.188 14
379.250 26
379.312 22
379.375 21
379.438 25
379.500 16
379.562 13
379.625 3
379.688 0
379.750 2
379.812 3
379.875 -6
379.938 -3
380.000 13
380.062 2
380.125 1
380.188 14
380.250 11
380.312 7
380.375 7
380.438 12
380.500 13
380.562 10
380.625 9
380.688 9
380.750 18
380.812 9
380.875 5
380.938 19
381.000 13
381.062 17
381.125 21
381.188 8
381.250 10
381.312 6
381.375 -4
381.438 1
381.500 -2
381.562 -4
381.625 -1
381.688 3
381.750 4
381.812 4
381.875 15
381.938 16
382.000 14
382.062 15
382.125 16
382.188 15
382.250 16
382.312 5
382.375 5
382.438 11
382.500 -7
382.562 3
382.625 6
382.688 -3
382.750 13
382.812 16
382.875 16
382.938 15
383.000 10
383.062 17
383.125 13
383.188 9
383.250 10
383.312 3
383.375 6
383.438 6
383.500 5
383.562 13
383.625 12
383.688 11
383.750 15
383.812 11
383.875 9
383.938 6
384.000 7
384.062 4
384.125 -1
384.188 3
384.250 1
384.312 5
384.375 6
384.438 12
384.500 11
384.562 11
384.625 16
384.688 11
384.750 15
384.812 10
384.875 5
384.938 4
385.000 1
385.062 5
385.125 0
385.188 4
385.250 15
385.312 15
385.375 17
385.438 24
385.500 21
385.562 15
385.625 17
385.688 13
385.750 7
385.812 2
385.875 0
385.938 1
386.000 -1
386.062 -1
386.125 3
386.188 -1
386.250 4
386.312 15
386.375 4
386.438 8
386.500 9
386.562 8
386.625 13
386.688 3
386.750 16
386.812 8
386.875 2
386.938 15
387.000 11
387.062 11
387.125 9
387.188 9
387.250 7
387.312 -1
387.375 0
387.438 2
387.500 -2
387.562 -1
387.625 0
387.688 -1
387.750 1
387.812 8
387.875 13
387.938 12
388.000 15
388.062 18
388.125 18
388.188 10
388.250 5
388.312 6
388.375 6
388.438 2
388.500 5
388.562 10
388.625 4
388.688 3
388.750 2
388.812 4
388.875 7
388.938 3
389.000 3
389.062 3
389.125 10
389.188 12
389.250 5
389.312 9
389.375 14
389.438 16
389.500 13
389.562 9
389.625 8
389.688 5
389.750 7
389.812 2
389.875 0
389.938 7
390.000 2
390.062 0
390.125 0
390.188 1
390.250 2
390.312 7
390.375 4
390.438 0
390.500 16
390.562 11
390.625 10
390.688 14
390.750 17
390.812 16
390.875 1
390.938 4
391.000 2
391.062 -2
391.125 -4
391.188 -5
391.250 -5
391.312 -4
391.375 -2
391.438 0
391.500 9
391.562 10
391.625 12
391.688 22
391.750 15
391.812 14
391.875 18
391.938 9
392.000 9
392.062 6
392.125 -2
392.188 2
392.250 3
392.312 -1
392.375 -1
392.438 2
392.500 1
392.562 -1
392.625 2
392.688 5
392.750 -2
392.812 4
392.875 8
392.938 4
393.000 11
393.062 12
393.125 13
393.188 12
393.250 9
393.312 11
393.375 10
393.438 4
393.500 -2
393.562 -2
393.625 -2
393.688 0
393.750 -5
393.812 -2
393.875 3
393.938 3
394.000 6
394.062 6
394.125 15
394.188 9
394.250 10
394.312 14
394.375 5
394.438 6
394.500 5
394.562 5
394.625 -2
394.688 -2
394.750 -1
394.812 -2
394.875 2
394.938 1
395.000 5
395.062 3
395.125 12
395.188 15
395.250 6
395.312 14
395.375 8
395.438 3
395.500 15
395.562 17
395.625 7
395.688 6
395.750 10
395.812 2
395.875 10
395.938 13
396.000 5
396.062 4
396.125 -1
396.188 0
396.250 -1
396.312 -1
396.375 3
396.438 3
396.500 6
396.562 15
396.625 21
396.688 15
396.750 12
396.812 22
396.875 17
396.938 8
397.000 11
397.062 3
397.125 5
397.188 3
397.250 0
397.312 4
397.375 2
397.438 -1
397.500 4
397.562 8
397.625 5
397.688 11
397.750 4
397.812 9
397.875 13
397.938 9
398.000 12
398.062 5
398.125 13
398.188 13
398.250 18
398.312 21
398.375 10
398.438 16
398.500 7
398.562 2
398.625 6
398.688 0
398.750 -1
398.812 -5
398.875 -6
398.938 -2
399.000 -1
399.062 0
399.125 -3
399.188 4
399.250 1
399.312 -1
399.375 12
399.438 12
399.500 14
399.562 13
399.625 18
399.688 20
399.750 22
399.812 20
399.875 12
399.938 12
400.000 5
400.062 -3
400.125 -2
400.188 -5
400.250 -6
400.312 -2
400.375 -1
400.438 -2
400.500 2
400.562 14
400.625 12
400.688 15
400.750 20
400.812 9
400.875 13
400.938 13
401.000 4
401.062 5
401.125 8
401.188 3
401.250 -1
401.312 9
401.375 6
401.438 4
401.500 7
401.562 3
401.625 9
401.688 2
401.750 -1
401.812 6
401.875 -3
401.938 -5
402.000 -1
402.062 -2
402.125 2
402.188 6
402.250 9
402.312 12
402.375 12
402.438 18
402.500 13
402.562 9
402.625 10
402.688 6
402.750 3
402.812 -2
402.875 4
402.938 2
403.000 -4
403.062 2
403.125 3
403.188 -1
403.250 5
403.312 10
403.375 5
403.438 3
403.500 2
403.562 4
403.625 4
403.688 3
403.750 3
403.812 5
403.875 5
403.938 1
404.000 2
404.062 5
404.125 8
404.188 7
404.250 8
404.312 13
404.375 7
404.438 5
404.500 11
404.562 4
404.625 0
404.688 2
404.750 -3
404.812 4
404.875 3
404.938 2
405.000 4
405.062 1
405.125 8
405.188 2
405.250 2
405.312 1
405.375 4
405.438 8
405.500 -2
405.562 10
405.625 7
405.688 0
405.750 4
405.812 11
405.875 7
405.938 -1
406.000 9
406.062 2
406.125 6
406.188 15
406.250 7
406.312 10
406.375 9
406.438 9
406.500 10
406.562 2
406.625 4
406.688 2
406.750 -2
406.812 -2
406.875 -1
406.938 -2
407.000 -10
407.062 -5
407.125 -1
407.188 -2
407.250 0
407.312 6
407.375 7
407.438 8
407.500 17
407.562 12
407.625 5
407.688 11
407.750 9
407.812 3
407.875 5
407.938 -1
408.000 1
408.062 5
408.125 0
408.188 6
408.250 10
408.312 12
408.375 13
408.438 6
408.500 4
408.562 6
408.625 6
408.688 -1
408.750 -4
408.812 -1
408.875 -3
408.938 -3
409.000 -2
409.062 1
409.125 6
409.188 6
409.250 3
409.312 8
409.375 6
409.438 4
409.500 6
409.562 -2
409.625 1
409.688 4
409.750 3
409.812 11
409.875 8
409.938 14
410.000 10
410.062 5
410.125 17
410.188 11
410.250 12
410.312 4
410.375 4
410.438 7
410.500 -3
410.562 2
410.625 -2
410.688 1
410.750 0
410.812 -1
410.875 0
410.938 1
411.000 2
411.062 11
411.125 9
411.188 -3
411.250 13
411.312 11
411.375 6
411.438 6
411.500 3
411.562 1
411.625 6
411.688 13
411.750 0
411.812 -2
411.875 3
411.938 1
412.000 -2
412.062 1
412.125 2
412.188 0
412.250 0
412.312 -1
412.375 12
412.438 17
412.500 10
412.562 21
412.625 21
412.688 15
412.750 28
412.812 19
412.875 7
412.938 10
413.000 9
413.062 2
413.125 -2
413.188 -2
413.250 -1
413.312 -3
413.375 -6
413.438 2
413.500 4
413.562 -1
413.625 10
413.688 17
413.750 14
413.812 16
413.875 14
413.938 22
414.000 20
414.062 13
414.125 17
414.188 11
414.250 8
414.312 8
414.375 5
414.438 1
414.500 -2
414.562 -1
414.625 0
414.688 -2
414.750 -4
414.812 2
414.875 8
414.938 11
415.000 20
415.062 26
415.125 27
415.188 28
415.250 21
415.312 17
415.375 15
415.438 12
415.500 4
415.562 4
415.625 1
415.688 -7
415.750 0
415.812 1
415.875 -2
415.938 -2
416.000 0
416.062 2
416.125 5
416.188 10
416.250 6
416.312 7
416.375 13
416.438 13
416.500 18
416.562 19
416.625 19
416.688 18
416.750 14
416.812 11
416.875 5
416.938 6
417.000 6
417.062 -7
417.125 -9
417.188 4
417.250 2
417.312 1
417.375 0
417.438 7
417.500 12
417.562 11
417.625 27
417.688 19
417.750 18
417.812 25
417.875 17
417.938 7
418.000 6
418.062 6
418.125 -2
418.188 -1
418.250 -1
418.312 -5
418.375 1
418.438 10
418.500 3
418.562 1
418.625 6
418.688 5
418.750 8
418.812 12
418.875 7
418.938 7
419.000 12
419.062 12
419.125 18
419.188 17
419.250 7
419.312 7
419.375 3
419.438 -2
419.500 -4
419.562 -2
419.625 -2
419.688 -3
419.750 -1
419.812 5
419.875 13
419.938 11
420.000 17
420.062 20
420.125 12
420.188 14
420.250 16
420.312 9
420.375 3
420.438 2
420.500 2
420.562 3
420.625 3
420.688 8
420.750 9
420.812 9
420.875 11
420.938 12
421.000 10
421.062 4
421.125 4
421.188 8
421.250 10
421.312 3
421.375 6
421.438 15
421.500 7
421.562 8
421.625 8
421.688 7
421.750 12
421.812 3
421.875 2
421.938 0
422.000 0
422.062 7
422.125 5
422.188 14
422.250 20
422.312 13
422.375 17
422.438 21
422.500 14
422.562 6
422.625 4
422.688 3
422.750 -4
422.812 -8
422.875 -8
422.938 -3
423.000 -2
423.062 -1
423.125 4
423.188 10
423.250 13
423.312 12
423.375 17
423.438 14
423.500 13
423.562 18
423.625 10
423.688 10
423.750 15
423.812 11
423.875 9
423.938 5
424.000 6
424.062 6
424.125 -1
424.188 0
424.250 0
424.312 -3
424.375 -1
424.438 5
424.500 4
424.562 5
424.625 14
424.688 10
424.750 10
424.812 11
424.875 4
424.938 8
425.000 9
425.062 4
425.125 -2
425.188 -1
425.250 2
425.312 -1
425.375 0
425.438 -3
425.500 -2
425.562 3
425.625 -1
425.688 3
425.750 7
425.812 6
425.875 13
425.938 16
426.000 18
426.062 23
426.125 21
426.188 12
426.250 10
426.312 7
426.375 2
426.438 3
426.500 0
426.562 1
426.625 -1
426.688 -2
426.750 -1
426.812 -1
426.875 0
426.938 0
427.000 0
427.062 -2
427.125 2
427.188 5
427.250 5
427.312 7
427.375 13
427.438 17
427.500 16
427.562 15
427.625 12
427.688 10
427.750 14
427.812 5
427.875 -5
427.938 -1
428.000 -3
428.062 -3
428.125 0
428.188 -2
428.250 0
428.312 0
428.375 6
428.438 9
428.500 7
428.562 12
428.625 8
428.688 7
428.750 11
428.812 10
428.875 12
428.938 8
429.000 8
429.062 11
429.125 8
429.188 6
429.250 2
429.312 4
429.375 3
429.438 -1
429.500 -2
429.562 0
429.625 0
429.688 -1
429.750 7
429.812 5
429.875 10
429.938 14
430.000 16
430.062 25
430.125 11
430.188 11
430.250 15
430.312 10
430.375 14
430.438 5
430.500 2
430.562 0
430.625 5
430.688 8
430.750 0
430.812 10
430.875 3
430.938 0
431.000 11
431.062 7
431.125 4
431.188 9
431.250 11
431.312 9
431.375 16
431.438 11
431.500 11
431.562 12
431.625 6
431.688 9
431.750 3
431.812 2
431.875 0
431.938 5
432.000 7
432.062 -2
432.125 1
432.188 9
432.250 8
432.312 0
432.375 10
432.438 13
432.500 6
432.562 11
432.625 16
432.688 13
432.750 3
432.812 6
432.875 7
432.938 9
433.000 6
433.062 5
433.125 7
433.188 9
433.250 15
433.312 7
433.375 2
433.438 7
433.500 9
433.562 9
433.625 8
433.688 7
433.750 6
433.812 8
433.875 3
433.938 0
434.000 11
434.062 1
434.125 -1
434.188 12
434.250 7
434.312 4
434.375 2
434.438 5
434.500 1
434.562 0
434.625 -2
434.688 1
434.750 2
434.812 0
434.875 4
434.938 -2
435.000 5
435.062 6
435.125 2
435.188 3
435.250 8
435.312 3
435.375 -1
435.438 4
435.500 6
435.562 7
435.625 1
435.688 8
435.750 6
435.812 8
435.875 9
435.938 2
436.000 9
436.062 7
436.125 3
436.188 1
436.250 -2
436.312 2
436.375 2
436.438 -2
436.500 0
436.562 4
436.625 1
436.688 -1
436.750 2
436.812 3
436.875 1
436.938 0
437.000 3
437.062 1
437.125 4
437.188 3
437.250 3
437.312 9
437.375 4
437.438 2
437.500 5
437.562 9
437.625 1
437.688 1
437.750 6
437.812 4
437.875 2
437.938 1
438.000 3
438.062 0
438.125 2
438.188 3
438.250 -2
438.312 1
438.375 1
438.438 -1
438.500 -1
438.562 1
438.625 1
438.688 -2
438.750 3
438.812 8
438.875 2
438.938 0
439.000 8
439.062 4
439.125 1
439.188 -1
439.250 -2
439.312 3
439.375 -1
439.438 3
439.500 1
439.562 0
439.625 3
439.688 -1
439.750 5
439.812 2
439.875 1
439.938 2
440.000 1
440.062 0
440.125 2
440.188 0
440.250 1
440.312 3
440.375 -2
440.438 0
440.500 -1
440.562 6
440.625 0
440.688 -3
440.750 5
440.812 5
440.875 1
440.938 -2
441.000 8
441.062 8
441.125 -1
441.188 5
441.250 13
441.312 5
441.375 2
441.438 3
441.500 2
441.562 0
441.625 -2
441.688 4
441.750 2
441.812 -2
441.875 0
441.938 1
442.000 2
442.062 6
442.125 -1
442.188 0
442.250 3
442.312 -2
442.375 1
442.438 0
442.500 0
442.562 2
442.625 6
442.688 7
442.750 2
442.812 9
442.875 3
442.938 3
443.000 13
443.062 3
443.125 3
443.188 7
443.250 7
443.312 1
443.375 1
443.438 3
443.500 -2
443.562 3
443.625 3
443.688 0
443.750 -5
443.812 -1
443.875 4
443.938 -3
444.000 0
444.062 1
444.125 -2
444.188 2
444.250 -1
444.312 -3
444.375 3
444.438 -1
444.500 0
444.562 0
444.625 1
444.688 2
444.750 5
444.812 3
444.875 -1
444.938 5
445.000 5
445.062 2
445.125 3
445.188 3
445.250 -1
445.312 1
445.375 3
445.438 5
445.500 2
445.562 0
445.625 5
445.688 3
445.750 4
445.812 0
445.875 -1
445.938 4
446.000 0
446.062 0
446.125 4
446.188 3
446.250 4
446.312 3
446.375 2
446.438 6
446.500 4
446.562 6
446.625 5
446.688 1
446.750 8
446.812 5
446.875 5
446.938 8
447.000 3
447.062 1
447.125 -1
447.188 5
447.250 2
447.312 -1
447.375 2
447.438 -2
447.500 1
447.562 3
447.625 0
447.688 0
447.750 4
447.812 2
447.875 -1
447.938 0
448.000 6
448.062 9
448.125 5
448.188 5
448.250 7
448.312 7
448.375 8
448.438 2
448.500 6
448.562 7
448.625 1
448.688 8
448.750 6
448.812 10
448.875 11
448.938 -1
449.000 4
449.062 10
449.125 4
449.188 1
449.250 1
449.312 -2
449.375 5
449.438 3
449.500 -1
449.562 2
449.625 2
449.688 -1
449.750 2
449.812 5
449.875 0
449.938 3
450.000 4
450.062 4
450.125 3
450.188 4
450.250 4
450.312 -1
450.375 4
450.438 5
450.500 2
450.562 5
450.625 8
450.688 9
450.750 8
450.812 5
450.875 5
450.938 11
451.000 6
451.062 -3
451.125 6
451.188 7
451.250 -2
451.312 1
451.375 0
451.438 -1
451.500 -1
451.562 0
451.625 6
451.688 3
451.750 -2
451.812 9
451.875 5
451.938 -5
452.000 -1
452.062 -1
452.125 3
452.188 4
452.250 3
452.312 -2
452.375 1
452.438 4
452.500 1
452.562 5
452.625 -3
452.688 -3
452.750 4
452.812 4
452.875 5
452.938 -1
453.000 6
453.062 7
453.125 -1
453.188 6
453.250 2
453.312 0
453.375 3
453.438 -1
453.500 0
453.562 4
453.625 1
453.688 -1
453.750 1
453.812 4
453.875 3
453.938 2
454.000 2
454.062 4
454.125 5
454.188 -1
454.250 0
454.312 3
454.375 0
454.438 2
454.500 2
454.562 1
454.625 1
454.688 4
454.750 5
454.812 6
454.875 2
454.938 2
455.000 4
455.062 -2
455.125 1
455.188 3
455.250 0
455.312 -1
455.375 -1
455.438 4
455.500 1
455.562 5
455.625 7
455.688 6
455.750 5
455.812 6
455.875 10
455.938 0
456.000 7
456.062 5
456.125 4
456.188 3
456.250 0
456.312 9
456.375 5
456.438 4
456.500 1
456.562 1
456.625 5
456.688 4
456.750 0
456.812 -1
456.875 3
456.938 6
457.000 5
457.062 3
457.125 0
457.188 1
457.250 6
457.312 3
457.375 2
457.438 0
457.500 2
457.562 2
457.625 2
457.688 -1
457.750 -1
457.812 9
457.875 3
457.938 -1
458.000 1
458.062 3
458.125 3
458.188 4
458.250 8
458.312 6
458.375 8
458.438 7
458.500 4
458.562 2
458.625 0
458.688 1
458.750 -3
458.812 1
458.875 0
458.938 -4
459.000 1
459.062 3
459.125 0
459.188 -3
459.250 3
459.312 2
459.375 0
459.438 3
459.500 1
459.562 -1
459.625 6
459.688 5
459.750 3
459.812 2
459.875 2
459.938 9
460.000 4
460.062 -1
460.125 0
460.188 1
460.250 1
460.312 -3
460.375 -4
460.438 -2
460.500 0
460.562 2
460.625 0
460.688 0
460.750 3
460.812 5
460.875 2
460.938 0
461.000 5
461.062 5
461.125 -1
461.188 4
461.250 3
461.312 -1
461.375 1
461.438 -1
461.500 1
461.562 -2
461.625 0
461.688 7
461.750 -1
461.812 2
461.875 8
461.938 4
462.000 4
462.062 6
462.125 2
462.188 0
462.250 0
462.312 3
462.375 4
462.438 1
462.500 1
462.562 -1
462.625 5
462.688 6
462.750 0
462.812 3
462.875 4
462.938 -1
463.000 -2
463.062 1
463.125 0
463.188 3
463.250 2
463.312 0
463.375 6
463.438 -1
463.500 2
463.562 9
463.625 6
463.688 3
463.750 0
463.812 2
463.875 6
463.938 7
464.000 0
464.062 -2
464.125 6
464.188 9
464.250 3
464.312 2
464.375 0
464.438 1
464.500 5
464.562 6
464.625 4
464.688 0
464.750 2
464.812 0
464.875 2
464.938 4
465.000 4
465.062 5
465.125 0
465.188 5
465.250 10
465.312 4
465.375 3
465.438 4
465.500 6
465.562 6
465.625 4
465.688 12
465.750 15
465.812 8
465.875 6
465.938 4
466.000 3
466.062 5
466.125 0
466.188 -2
466.250 -1
466.312 -3
466.375 1
466.438 -1
466.500 0
466.562 2
466.625 3
466.688 0
466.750 0
466.812 3
466.875 4
466.938 3
467.000 0
467.062 1
467.125 4
467.188 6
467.250 0
467.312 -4
467.375 7
467.438 9
467.500 2
467.562 4
467.625 3
467.688 2
467.750 1
467.812 -2
467.875 0
467.938 -1
468.000 -2
468.062 4
468.125 0
468.188 -1
468.250 9
468.312 4
468.375 -3
468.438 2
468.500 2
468.562 0
468.625 -1
468.688 6
468.750 4
468.812 -2
468.875 4
468.938 1
469.000 1
469.062 5
469.125 3
469.188 9
469.250 5
469.312 1
469.375 9
469.438 8
469.500 2
469.562 11
469.625 7
469.688 1
469.750 2
469.812 2
469.875 2
469.938 0
470.000 6
470.062 3
470.125 -1
470.188 0
470.250 -1
470.312 -1
470.375 0
470.438 2
470.500 2
470.562 -2
470.625 0
470.688 3
470.750 0
470.812 1
470.875 0
470.938 0
471.000 0
471.062 4
471.125 8
471.188 4
471.250 6
471.312 0
471.375 1
471.438 8
471.500 -2
471.562 -2
471.625 4
471.688 4
471.750 0
471.812 0
471.875 1
471.938 -2
472.000 -3
472.062 0
472.125 5
472.188 -1
472.250 -2
472.312 0
472.375 1
472.438 8
472.500 3
472.562 0
472.625 2
472.688 3
472.750 6
472.812 1
472.875 -2
472.938 5
473.000 2
473.062 2
473.125 6
473.188 2
473.250 5
473.312 4
473.375 4
473.438 6
473.500 0
473.562 3
473.625 1
473.688 -2
473.750 2
473.812 1
473.875 3
473.938 3
474.000 3
474.062 7
474.125 2
474.188 5
474.250 5
474.312 2
474.375 7
474.438 2
474.500 1
474.562 3
474.625 2
474.688 3
474.750 0
474.812 7
474.875 7
474.938 0
475.000 4
475.062 3
475.125 0
475.188 2
475.250 2
475.312 -2
475.375 4
475.438 4
475.500 -3
475.562 1
475.625 3
475.688 1
475.750 3
475.812 3
475.875 1
475.938 -2
476.000 0
476.062 6
476.125 2
476.188 -1
476.250 3
476.312 2
476.375 1
476.438 -1
476.500 0
476.562 1
476.625 1
476.688 4
476.750 9
476.812 -1
476.875 1
476.938 8
477.000 3
477.062 5
477.125 1
477.188 3
477.250 3
477.312 2
477.375 2
477.438 1
477.500 5
477.562 -1
477.625 -2
477.688 3
477.750 0
477.812 -1
477.875 0
477.938 -1
478.000 1
478.062 -1
478.125 -1
478.188 3
478.250 5
478.312 2
478.375 4
478.438 10
478.500 1
478.562 0
478.625 7
478.688 4
478.750 6
478.812 1
478.875 -2
478.938 2
479.000 3
479.062 -1
479.125 0
479.188 7
479.250 0
479.312 3
479.375 4
479.438 4
479.500 9
479.562 -2
479.625 1
479.688 3
479.750 2
479.812 4
479.875 3
479.938 7
480.000 -1
480.062 5
480.125 7
480.188 3
480.250 5
480.312 2
480.375 5
480.438 2
480.500 10
480.562 1
480.625 3
480.688 6
480.750 -8
480.812 13
480.875 12
480.938 -6
481.000 4
481.062 5
481.125 -3
481.188 3
481.250 -1
481.312 -4
481.375 3
481.438 3
481.500 2
481.562 2
481.625 0
481.688 -1
481.750 4
481.812 1
481.875 3
481.938 3
482.000 3
482.062 3
482.125 0
482.188 12
482.250 10
482.312 9
482.375 12
482.438 10
482.500 10
482.562 5
482.625 5
482.688 2
482.750 3
482.812 7
482.875 2
482.938 3
483.000 7
483.062 -1
483.125 7
483.188 7
483.250 -1
483.312 6
483.375 4
483.438 2
483.500 1
483.562 3
483.625 4
483.688 -2
483.750 1
483.812 4
483.875 2
483.938 7
484.000 9
484.062 3
484.125 7
484.188 8
484.250 0
484.312 3
484.375 6
484.438 7
484.500 6
484.562 -2
484.625 6
484.688 6
484.750 -1
484.812 4
484.875 0
484.938 0
485.000 8
485.062 7
485.125 -2
485.188 4
485.250 7
485.312 -2
485.375 3
485.438 5
485.500 7
485.562 6
485.625 -1
485.688 2
485.750 2
485.812 3
485.875 4
485.938 1
486.000 0
486.062 0
486.125 2
486.188 4
486.250 1
486.312 0
486.375 3
486.438 -2
486.500 2
486.562 10
486.625 2
486.688 0
486.750 1
486.812 3
486.875 6
486.938 1
487.000 3
487.062 1
487.125 3
487.188 7
487.250 2
487.312 5
487.375 6
487.438 7
487.500 1
487.562 3
487.625 8
487.688 0
487.750 4
487.812 6
487.875 0
487.938 2
488.000 2
488.062 0
488.125 3
488.188 2
488.250 -1
488.312 5
488.375 10
488.438 3
488.500 0
488.562 -2
488.625 -3
488.688 2
488.750 -2
488.812 -2
488.875 0
488.938 0
489.000 -1
489.062 1
489.125 2
489.188 4
489.250 2
489.312 -1
489.375 1
489.438 0
489.500 1
489.562 1
489.625 0
489.688 1
489.750 6
489.812 5
489.875 0
489.938 3
490.000 3
490.062 1
490.125 3
490.188 5
490.250 4
490.312 11
490.375 5
490.438 -1
490.500 6
490.562 0
490.625 1
490.688 3
490.750 -2
490.812 3
490.875 0
490.938 4
491.000 5
491.062 1
491.125 1
491.188 1
491.250 3
491.312 3
491.375 3
491.438 2
491.500 2
491.562 2
491.625 4
491.688 3
491.750 3
491.812 3
491.875 3
491.938 2
492.000 3
492.062 4
492.125 3
492.188 7
492.250 4
492.312 -1
492.375 -3
492.438 3
492.500 0
492.562 1
492.625 8
492.688 0
492.750 3
492.812 5
492.875 0
492.938 1
493.000 -1
493.062 3
493.125 -1
493.188 -3
493.250 4
493.312 0
493.375 7
493.438 7
493.500 2
493.562 3
493.625 2
493.688 4
493.750 5
493.812 7
493.875 4
493.938 1
494.000 4
494.062 8
494.125 4
494.188 1
494.250 3
494.312 1
494.375 2
494.438 0
494.500 3
494.562 7
494.625 0
494.688 -1
494.750 3
494.812 1
494.875 0
494.938 6
495.000 2
495.062 -2
495.125 6
495.188 0
495.250 -1
495.312 8
495.375 1
495.438 -3
495.500 7
495.562 5
495.625 3
495.688 3
495.750 1
495.812 9
495.875 12
495.938 12
496.000 7
496.062 0
496.125 2
496.188 0
496.250 0
496.312 -1
496.375 3
496.438 8
496.500 4
496.562 5
496.625 4
496.688 3
496.750 5
496.812 0
496.875 0
496.938 3
497.000 0
497.062 3
497.125 2
497.188 -2
497.250 4
497.312 4
497.375 0
497.438 -1
497.500 1
497.562 2
497.625 7
497.688 8
497.750 5
497.812 9
497.875 4
497.938 2
498.000 4
498.062 2
498.125 -1
498.188 -3
498.250 0
498.312 0
498.375 -1
498.438 2
498.500 3
498.562 1
498.625 5
498.688 3
498.750 7
498.812 10
498.875 2
498.938 3
499.000 6
499.062 11
499.125 8
499.188 -2
499.250 3
499.312 9
499.375 12
499.438 5
499.500 4
499.562 12
499.625 6
499.688 2
499.750 4
499.812 5
499.875 4
499.938 2
500.000 0
500.062 0
500.125 1
500.188 -1
500.250 8
500.312 6
500.375 1
500.438 6
500.500 2
500.562 8
500.625 7
500.688 -1
500.750 2
500.812 6
500.875 4
500.938 3
501.000 4
501.062 7
501.125 5
501.188 3
501.250 6
501.312 1
501.375 6
501.438 3
501.500 2
501.562 4
501.625 4
501.688 11
501.750 4
501.812 5
501.875 -1
501.938 4
502.000 8
502.062 -2
502.125 2
502.188 1
502.250 0
502.312 -2
502.375 2
502.438 2
502.500 1
502.562 1
502.625 4
502.688 8
502.750 0
502.812 4
502.875 5
502.938 1
503.000 3
503.062 6
503.125 8
503.188 4
503.250 5
503.312 5
503.375 4
503.438 8
503.500 7
503.562 4
503.625 1
503.688 6
503.750 6
503.812 -2
503.875 10
503.938 8
504.000 1
504.062 6
504.125 6
504.188 2
504.250 0
504.312 8
504.375 1
504.438 0
504.500 7
504.562 3
504.625 2
504.688 7
504.750 14
504.812 5
504.875 0
504.938 5
505.000 9
505.062 5
505.125 4
505.188 4
505.250 0
505.312 5
505.375 3
505.438 8
505.500 9
505.562 6
505.625 10
505.688 10
505.750 8
505.812 2
505.875 3
505.938 0
506.000 0
506.062 -2
506.125 5
506.188 6
506.250 -3
506.312 3
506.375 2
506.438 2
506.500 7
506.562 6
506.625 2
506.688 3
506.750 4
506.812 5
506.875 5
506.938 5
507.000 6
507.062 3
507.125 1
507.188 5
507.250 4
507.312 0
507.375 9
507.438 6
507.500 3
507.562 11
507.625 12
507.688 9
507.750 1
507.812 8
507.875 10
507.938 4
508.000 10
508.062 9
508.125 11
508.188 11
508.250 6
508.312 9
508.375 9
508.438 8
508.500 6
508.562 7
508.625 11
508.688 6
508.750 2
508.812 5
508.875 8
508.938 7
509.000 1
509.062 6
509.125 10
509.188 5
509.250 7
509.312 2
509.375 0
509.438 5
509.500 1
509.562 1
509.625 0
509.688 1
509.750 2
509.812 2
509.875 5
509.938 5
510.000 14
