0.000000 64.391891
0.015625 62.853542
0.031250 58.736679
0.046875 67.370391
0.062500 78.086381
0.078125 84.940960
0.093750 89.437328
0.109375 92.223467
0.125000 93.605777
0.140625 93.708985
0.156250 92.491365
0.171875 89.598567
0.187500 83.523897
0.203125 70.077907
0.218750 84.668893
0.234375 89.463000
0.250000 91.683952
0.265625 92.445808
0.281250 91.971487
0.296875 90.088400
0.312500 85.929788
0.328125 75.708086
0.343750 83.234058
0.359375 89.810471
0.375000 93.050276
0.390625 94.566292
0.406250 94.746800
0.421875 93.651552
0.437500 91.195704
0.453125 87.318857
0.468750 83.771355
0.484375 85.866022
0.500000 89.538233
0.515625 92.031864
0.531250 93.169300
0.546875 92.921091
0.562500 91.179701
0.578125 87.626700
0.593750 81.220197
0.609375 68.374661
0.625000 76.259228
0.640625 80.399573
0.656250 82.132991
0.671875 82.689112
0.687500 82.055055
0.703125 79.820675
0.718750 75.024496
0.734375 63.010080
0.750000 65.554237
0.765625 71.358363
0.781250 73.017969
0.796875 73.821728
0.812500 74.404594
0.828125 74.265103
0.843750 72.534304
0.859375 67.684570
0.875000 55.784899
0.890625 65.575681
0.906250 69.019196
0.921875 69.115667
0.937500 67.896092
0.953125 66.908917
0.968750 66.274296
0.984375 64.563272
1.000000 60.350664
1.015625 61.262938
1.031250 66.522407
1.046875 68.558860
1.062500 68.027276
1.078125 65.562388
1.093750 62.338859
1.109375 59.782233
1.125000 56.831798
1.140625 48.472196
1.156250 52.755437
1.171875 62.012995
1.187500 65.498600
1.203125 65.865963
1.218750 63.313758
1.234375 56.538602
1.250000 41.526894
1.265625 54.206369
1.281250 58.635974
1.296875 63.076293
1.312500 66.974554
1.328125 69.309024
1.343750 69.734748
1.359375 67.907069
1.375000 62.743149
1.390625 45.478580
1.406250 57.253772
1.421875 61.583854
1.437500 62.927028
1.453125 64.110824
1.468750 65.820515
1.484375 66.840749
1.500000 65.889182
1.515625 61.632414
1.531250 56.000422
1.546875 62.524060
1.562500 65.801122
1.578125 67.014400
1.593750 67.727510
1.609375 68.459066
1.625000 68.719339
1.640625 67.639974
1.656250 63.893356
1.671875 52.619686
1.687500 60.011093
1.703125 65.381223
1.718750 66.982686
1.734375 67.168530
1.750000 67.120915
1.765625 66.928245
1.781250 65.351086
1.796875 60.799875
1.812500 64.769034
1.828125 71.356520
1.843750 74.800042
1.859375 76.272156
1.875000 76.349449
1.890625 75.335211
1.906250 73.236154
1.921875 69.544154
1.937500 67.055952
1.953125 72.918312
1.968750 77.548210
1.984375 80.146668
2.000000 81.219051
2.015625 80.995227
2.031250 79.509908
2.046875 76.459992
2.062500 70.465408
2.078125 66.834516
2.093750 75.088927
2.109375 79.245416
2.125000 81.219721
2.140625 81.711291
2.156250 80.910297
2.171875 78.703570
2.187500 74.389447
2.203125 65.049665
2.218750 69.048213
2.234375 75.358321
2.250000 78.050858
2.265625 78.951275
2.281250 78.586413
2.296875 77.091552
2.312500 74.211885
2.328125 68.458321
2.343750 45.840583
2.359375 69.986507
2.375000 75.367052
2.390625 77.779272
2.406250 78.369562
2.421875 77.271526
2.437500 73.943519
2.453125 65.731168
2.468750 69.413999
2.484375 77.022831
2.500000 80.988830
2.515625 83.196300
2.531250 84.090031
2.546875 83.741870
2.562500 82.039231
2.578125 78.635426
2.593750 72.696109
2.609375 67.614599
2.625000 72.934766
2.640625 76.430777
2.656250 78.231607
2.671875 78.754533
2.687500 77.918489
2.703125 75.279646
2.718750 69.201544
2.734375 51.612839
2.750000 70.178357
2.765625 74.825782
2.781250 76.936285
2.796875 77.711428
2.812500 77.388231
2.828125 75.856872
2.843750 72.667164
2.859375 66.406957
2.875000 60.112164
2.890625 68.243508
2.906250 72.081883
2.921875 73.913157
2.937500 74.542153
2.953125 74.024067
2.968750 71.987853
2.984375 67.246102
3.000000 50.241967
3.015625 64.211742
3.031250 70.081058
3.046875 72.554130
3.062500 73.540236
3.078125 73.517580
3.093750 72.450661
3.109375 69.835607
3.125000 64.265270
3.140625 59.777566
3.156250 67.168838
3.171875 70.813692
3.187500 72.363227
3.203125 72.695569
3.218750 72.121334
3.234375 70.573657
3.250000 67.508891
3.265625 61.646426
3.281250 60.229705
3.296875 66.178093
3.312500 68.993802
3.328125 69.839793
3.343750 69.371856
3.359375 67.821295
3.375000 64.963316
3.390625 59.555063
3.406250 53.996430
3.421875 61.969901
3.437500 65.984036
3.453125 67.449605
3.468750 67.177770
3.484375 65.462507
3.500000 62.310549
3.515625 56.822760
3.531250 42.000746
3.546875 55.501977
3.562500 61.218715
3.578125 63.575167
3.593750 63.908993
3.609375 62.652401
3.625000 61.045153
3.640625 61.369888
3.656250 62.426103
3.671875 62.675976
3.687500 62.744425
3.703125 63.355116
3.718750 63.683432
3.734375 62.713175
3.750000 60.026402
3.765625 57.291116
3.781250 59.018109
3.796875 61.369028
3.812500 62.414414
3.828125 62.607022
3.843750 62.147972
3.859375 60.572650
3.875000 57.035063
3.890625 51.371285
3.906250 52.094876
3.921875 55.093608
3.937500 55.642573
3.953125 54.181224
3.968750 51.301947
3.984375 49.802387
4.000000 50.016688
4.015625 47.853400
4.031250 40.507780
4.046875 36.322921
4.062500 37.290560
4.078125 27.508276
4.093750 40.992594
4.109375 42.472969
4.125000 36.786958
4.140625 33.856536
4.156250 37.826007
4.171875 41.412496
4.187500 46.381960
4.203125 47.297904
4.218750 43.085694
4.234375 42.406601
4.250000 48.029912
4.265625 48.854622
4.281250 46.584383
4.296875 43.721104
4.312500 42.025388
4.328125 43.663308
4.343750 47.407532
4.359375 48.772035
4.375000 48.855294
4.390625 50.097155
4.406250 51.049127
4.421875 49.845144
4.437500 46.107124
4.453125 40.762363
4.468750 37.850748
4.484375 41.184109
4.500000 44.998274
4.515625 47.748105
4.531250 50.085173
4.546875 51.036724
4.562500 49.461628
4.578125 44.352866
4.593750 40.859127
4.609375 43.614907
4.625000 43.917260
4.640625 45.488643
4.656250 47.961788
4.671875 49.988437
4.687500 51.420066
4.703125 51.054873
4.718750 47.379207
4.734375 41.466603
4.750000 45.804749
4.765625 46.413213
4.781250 43.138033
4.796875 45.005250
4.812500 47.485939
4.828125 46.667668
4.843750 45.030143
4.859375 47.337966
4.875000 51.534761
4.890625 55.025237
4.906250 57.089737
4.921875 57.741683
4.937500 57.235221
4.953125 55.554367
4.968750 51.438654
4.984375 29.264353
5.000000 52.526232
5.015625 59.289173
5.031250 62.769404
5.046875 64.464763
5.062500 64.730768
5.078125 63.691031
5.093750 61.428747
5.109375 58.053999
5.125000 56.000613
5.140625 60.513172
5.156250 65.303723
5.171875 68.474049
5.187500 70.212218
5.203125 70.609738
5.218750 69.585005
5.234375 67.013516
5.250000 63.984341
5.265625 64.411472
5.281250 65.890393
5.296875 65.607156
5.312500 64.494703
5.328125 66.331887
5.343750 69.487110
5.359375 71.299313
5.375000 71.527168
5.390625 70.220206
5.406250 67.320600
5.421875 63.003850
5.437500 60.616911
5.453125 62.785445
5.468750 64.805380
5.484375 65.581819
5.500000 64.992406
5.515625 62.766598
5.531250 58.946097
5.546875 58.575074
5.562500 62.606614
5.578125 65.486053
5.593750 67.046990
5.609375 67.568117
5.625000 67.079051
5.640625 65.307868
5.656250 61.285234
5.671875 49.133367
5.687500 56.984348
5.703125 64.323708
5.718750 67.799262
5.734375 69.735851
5.750000 70.717944
5.765625 70.873236
5.781250 70.052979
5.796875 67.765015
5.812500 62.489066
5.828125 47.719232
5.843750 62.908239
5.859375 67.881577
5.875000 70.042972
5.890625 70.826987
5.906250 70.680126
5.921875 69.571213
5.937500 66.961931
5.953125 61.454522
5.968750 58.445957
5.984375 65.377856
6.000000 68.897371
6.015625 70.440651
6.031250 70.847866
6.046875 70.529912
6.062500 69.682768
6.078125 68.373083
6.093750 66.763749
6.109375 65.553592
6.125000 65.527140
6.140625 66.007479
6.156250 65.913223
6.171875 64.787882
6.187500 62.427958
6.203125 58.916061
6.218750 57.819811
6.234375 61.199871
6.250000 63.972072
6.265625 65.423350
6.281250 65.790540
6.296875 65.110904
6.312500 63.192047
6.328125 59.816364
6.343750 56.838248
6.359375 59.077191
6.375000 62.055423
6.390625 63.745976
6.406250 64.377866
6.421875 64.199702
6.437500 63.233849
6.453125 61.155162
6.468750 57.302803
6.484375 53.169262
6.500000 56.682646
6.515625 60.324908
6.531250 62.156934
6.546875 62.695033
6.562500 62.236439
6.578125 60.997205
6.593750 59.161554
6.609375 57.087719
6.625000 56.256319
6.640625 57.527597
6.656250 58.994881
6.671875 59.772256
6.687500 60.032688
6.703125 60.020356
6.718750 59.760566
6.734375 59.093235
6.750000 57.892919
6.765625 56.972991
6.781250 58.048819
6.796875 59.976258
6.812500 61.136763
6.828125 61.376686
6.843750 61.084573
6.859375 60.774200
6.875000 60.759521
6.890625 60.825410
6.906250 60.464701
6.921875 59.401560
6.937500 57.841977
6.953125 56.437651
6.968750 55.682348
6.984375 55.465410
7.000000 55.629296
7.015625 56.144706
7.031250 56.579182
7.046875 56.073766
7.062500 53.672898
7.078125 47.829043
7.093750 42.833041
7.109375 49.718031
7.125000 53.061869
7.140625 55.187273
7.156250 56.995495
7.171875 58.261394
7.187500 58.507203
7.203125 57.287042
7.218750 54.013940
7.234375 47.176263
7.250000 31.735517
7.265625 44.705976
7.281250 48.981907
7.296875 51.540939
7.312500 53.268731
7.328125 54.129069
7.343750 53.717128
7.359375 51.294078
7.375000 45.283999
7.390625 27.455846
7.406250 38.972056
7.421875 40.320475
7.437500 41.851030
7.453125 45.173530
7.468750 47.397875
7.484375 48.202231
7.500000 46.838699
7.515625 41.165566
7.531250 28.023212
7.546875 40.056428
7.562500 39.302668
7.578125 28.931872
7.593750 36.141867
7.609375 38.631215
7.625000 38.959560
7.640625 40.992135
7.656250 39.924600
7.671875 32.611685
7.687500 36.880832
7.703125 39.099002
7.718750 33.337110
7.734375 34.284215
7.750000 38.550754
7.765625 35.142903
7.781250 35.277482
7.796875 39.578585
7.812500 37.199914
7.828125 32.352061
7.843750 38.611927
7.859375 37.895983
7.875000 31.574839
7.890625 37.926424
7.906250 38.761296
7.921875 33.152521
7.937500 36.889145
7.953125 38.877494
7.968750 33.730647
7.984375 35.796945
8.000000 39.353897
8.015625 35.796945
8.031250 33.730647
8.046875 38.877494
8.062500 36.889145
8.078125 33.152521
8.093750 38.761296
8.109375 37.926424
8.125000 31.574839
8.140625 37.895983
8.156250 38.611927
8.171875 32.352061
8.187500 37.199914
8.203125 39.578585
8.218750 35.277482
8.234375 35.142903
8.250000 38.550754
8.265625 34.284215
8.281250 33.337110
8.296875 39.099002
8.312500 36.880832
8.328125 32.611685
8.343750 39.924600
8.359375 40.992135
8.375000 38.959560
8.390625 38.631215
8.406250 36.141867
8.421875 28.931872
8.437500 39.302668
8.453125 40.056428
8.468750 28.023212
8.484375 41.165566
8.500000 46.838699
8.515625 48.202231
8.531250 47.397875
8.546875 45.173530
8.562500 41.851030
8.578125 40.320475
8.593750 38.972056
8.609375 27.455846
8.625000 45.283999
8.640625 51.294078
8.656250 53.717128
8.671875 54.129069
8.687500 53.268731
8.703125 51.540939
8.718750 48.981907
8.734375 44.705976
8.750000 31.735517
8.765625 47.176263
8.781250 54.013940
8.796875 57.287042
8.812500 58.507203
8.828125 58.261394
8.843750 56.995495
8.859375 55.187273
8.875000 53.061869
8.890625 49.718031
8.906250 42.833041
8.921875 47.829043
8.937500 53.672898
8.953125 56.073766
8.968750 56.579182
8.984375 56.144706
9.000000 55.629296
9.015625 55.465410
9.031250 55.682348
9.046875 56.437651
9.062500 57.841977
9.078125 59.401560
9.093750 60.464701
9.109375 60.825410
9.125000 60.759521
9.140625 60.774200
9.156250 61.084573
9.171875 61.376686
9.187500 61.136763
9.203125 59.976258
9.218750 58.048819
9.234375 56.972991
9.250000 57.892919
9.265625 59.093235
9.281250 59.760566
9.296875 60.020356
9.312500 60.032688
9.328125 59.772256
9.343750 58.994881
9.359375 57.527597
9.375000 56.256319
9.390625 57.087719
9.406250 59.161554
9.421875 60.997205
9.437500 62.236439
9.453125 62.695033
9.468750 62.156934
9.484375 60.324908
9.500000 56.682646
9.515625 53.169262
9.531250 57.302803
9.546875 61.155162
9.562500 63.233849
9.578125 64.199702
9.593750 64.377866
9.609375 63.745976
9.625000 62.055423
9.640625 59.077191
9.656250 56.838248
9.671875 59.816364
9.687500 63.192047
9.703125 65.110904
9.718750 65.790540
9.734375 65.423350
9.750000 63.972072
9.765625 61.199871
9.781250 57.819811
9.796875 58.916061
9.812500 62.427958
9.828125 64.787882
9.843750 65.913223
9.859375 66.007479
9.875000 65.527140
9.890625 65.553592
9.906250 66.763749
9.921875 68.373083
9.937500 69.682768
9.953125 70.529912
9.968750 70.847866
9.984375 70.440651
10.000000 68.897371
10.015625 65.377856
10.031250 58.445957
10.046875 61.454522
10.062500 66.961931
10.078125 69.571213
10.093750 70.680126
10.109375 70.826987
10.125000 70.042972
10.140625 67.881577
10.156250 62.908239
10.171875 47.719232
10.187500 62.489066
10.203125 67.765015
10.218750 70.052979
10.234375 70.873236
10.250000 70.717944
10.265625 69.735851
10.281250 67.799262
10.296875 64.323708
10.312500 56.984348
10.328125 49.133367
10.343750 61.285234
10.359375 65.307868
10.375000 67.079051
10.390625 67.568117
10.406250 67.046990
10.421875 65.486053
10.437500 62.606614
10.453125 58.575074
10.468750 58.946097
10.484375 62.766598
10.500000 64.992406
10.515625 65.581819
10.531250 64.805380
10.546875 62.785445
10.562500 60.616911
10.578125 63.003850
10.593750 67.320600
10.609375 70.220206
10.625000 71.527168
10.640625 71.299313
10.656250 69.487110
10.671875 66.331887
10.687500 64.494703
10.703125 65.607156
10.718750 65.890393
10.734375 64.411472
10.750000 63.984341
10.765625 67.013516
10.781250 69.585005
10.796875 70.609738
10.812500 70.212218
10.828125 68.474049
10.843750 65.303723
10.859375 60.513172
10.875000 56.000613
10.890625 58.053999
10.906250 61.428747
10.921875 63.691031
10.937500 64.730768
10.953125 64.464763
10.968750 62.769404
10.984375 59.289173
11.000000 52.526232
11.015625 29.264353
11.031250 51.438654
11.046875 55.554367
11.062500 57.235221
11.078125 57.741683
11.093750 57.089737
11.109375 55.025237
11.125000 51.534761
11.140625 47.337966
11.156250 45.030143
11.171875 46.667668
11.187500 47.485939
11.203125 45.005250
11.218750 43.138033
11.234375 46.413213
11.250000 45.804749
11.265625 41.466603
11.281250 47.379207
11.296875 51.054873
11.312500 51.420066
11.328125 49.988437
11.343750 47.961788
11.359375 45.488643
11.375000 43.917260
11.390625 43.614907
11.406250 40.859127
11.421875 44.352866
11.437500 49.461628
11.453125 51.036724
11.468750 50.085173
11.484375 47.748105
11.500000 44.998274
11.515625 41.184109
11.531250 37.850748
11.546875 40.762363
11.562500 46.107124
11.578125 49.845144
11.593750 51.049127
11.609375 50.097155
11.625000 48.855294
11.640625 48.772035
11.656250 47.407532
11.671875 43.663308
11.687500 42.025388
11.703125 43.721104
11.718750 46.584383
11.734375 48.854622
11.750000 48.029912
11.765625 42.406601
11.781250 43.085694
11.796875 47.297904
11.812500 46.381960
11.828125 41.412496
11.843750 37.826007
11.859375 33.856536
11.875000 36.786958
11.890625 42.472969
11.906250 40.992594
11.921875 27.508276
11.937500 37.290560
11.953125 36.322921
11.968750 40.507780
11.984375 47.853400
12.000000 50.016688
12.015625 49.802387
12.031250 51.301947
12.046875 54.181224
12.062500 55.642573
12.078125 55.093608
12.093750 52.094876
12.109375 51.371285
12.125000 57.035063
12.140625 60.572650
12.156250 62.147972
12.171875 62.607022
12.187500 62.414414
12.203125 61.369028
12.218750 59.018109
12.234375 57.291116
12.250000 60.026402
12.265625 62.713175
12.281250 63.683432
12.296875 63.355116
12.312500 62.744425
12.328125 62.675976
12.343750 62.426103
12.359375 61.369888
12.375000 61.045153
12.390625 62.652401
12.406250 63.908993
12.421875 63.575167
12.437500 61.218715
12.453125 55.501977
12.468750 42.000746
12.484375 56.822760
12.500000 62.310549
12.515625 65.462507
12.531250 67.177770
12.546875 67.449605
12.562500 65.984036
12.578125 61.969901
12.593750 53.996430
12.609375 59.555063
12.625000 64.963316
12.640625 67.821295
12.656250 69.371856
12.671875 69.839793
12.687500 68.993802
12.703125 66.178093
12.718750 60.229705
12.734375 61.646426
12.750000 67.508891
12.765625 70.573657
12.781250 72.121334
12.796875 72.695569
12.812500 72.363227
12.828125 70.813692
12.843750 67.168838
12.859375 59.777566
12.875000 64.265270
12.890625 69.835607
12.906250 72.450661
12.921875 73.517580
12.937500 73.540236
12.953125 72.554130
12.968750 70.081058
12.984375 64.211742
13.000000 50.241967
13.015625 67.246102
13.031250 71.987853
13.046875 74.024067
13.062500 74.542153
13.078125 73.913157
13.093750 72.081883
13.109375 68.243508
13.125000 60.112164
13.140625 66.406957
13.156250 72.667164
13.171875 75.856872
13.187500 77.388231
13.203125 77.711428
13.218750 76.936285
13.234375 74.825782
13.250000 70.178357
13.265625 51.612839
13.281250 69.201544
13.296875 75.279646
13.312500 77.918489
13.328125 78.754533
13.343750 78.231607
13.359375 76.430777
13.375000 72.934766
13.390625 67.614599
13.406250 72.696109
13.421875 78.635426
13.437500 82.039231
13.453125 83.741870
13.468750 84.090031
13.484375 83.196300
13.500000 80.988830
13.515625 77.022831
13.531250 69.413999
13.546875 65.731168
13.562500 73.943519
13.578125 77.271526
13.593750 78.369562
13.609375 77.779272
13.625000 75.367052
13.640625 69.986507
13.656250 45.840583
13.671875 68.458321
13.687500 74.211885
13.703125 77.091552
13.718750 78.586413
13.734375 78.951275
13.750000 78.050858
13.765625 75.358321
13.781250 69.048213
13.796875 65.049665
13.812500 74.389447
13.828125 78.703570
13.843750 80.910297
13.859375 81.711291
13.875000 81.219721
13.890625 79.245416
13.906250 75.088927
13.921875 66.834516
13.937500 70.465408
13.953125 76.459992
13.968750 79.509908
13.984375 80.995227
14.000000 81.219051
14.015625 80.146668
14.031250 77.548210
14.046875 72.918312
14.062500 67.055952
14.078125 69.544154
14.093750 73.236154
14.109375 75.335211
14.125000 76.349449
14.140625 76.272156
14.156250 74.800042
14.171875 71.356520
14.187500 64.769034
14.203125 60.799875
14.218750 65.351086
14.234375 66.928245
14.250000 67.120915
14.265625 67.168530
14.281250 66.982686
14.296875 65.381223
14.312500 60.011093
14.328125 52.619686
14.343750 63.893356
14.359375 67.639974
14.375000 68.719339
14.390625 68.459066
14.406250 67.727510
14.421875 67.014400
14.437500 65.801122
14.453125 62.524060
14.468750 56.000422
14.484375 61.632414
14.500000 65.889182
14.515625 66.840749
14.531250 65.820515
14.546875 64.110824
14.562500 62.927028
14.578125 61.583854
14.593750 57.253772
14.609375 45.478580
14.625000 62.743149
14.640625 67.907069
14.656250 69.734748
14.671875 69.309024
14.687500 66.974554
14.703125 63.076293
14.718750 58.635974
14.734375 54.206369
14.750000 41.526894
14.765625 56.538602
14.781250 63.313758
14.796875 65.865963
14.812500 65.498600
14.828125 62.012995
14.843750 52.755437
14.859375 48.472196
14.875000 56.831798
14.890625 59.782233
14.906250 62.338859
14.921875 65.562388
14.937500 68.027276
14.953125 68.558860
14.968750 66.522407
14.984375 61.262938
15.000000 60.350664
15.015625 64.563272
15.031250 66.274296
15.046875 66.908917
15.062500 67.896092
15.078125 69.115667
15.093750 69.019196
15.109375 65.575681
15.125000 55.784899
15.140625 67.684570
15.156250 72.534304
15.171875 74.265103
15.187500 74.404594
15.203125 73.821728
15.218750 73.017969
15.234375 71.358363
15.250000 65.554237
15.265625 63.010080
15.281250 75.024496
15.296875 79.820675
15.312500 82.055055
15.328125 82.689112
15.343750 82.132991
15.359375 80.399573
15.375000 76.259228
15.390625 68.374661
15.406250 81.220197
15.421875 87.626700
15.437500 91.179701
15.453125 92.921091
15.468750 93.169300
15.484375 92.031864
15.500000 89.538233
15.515625 85.866022
15.531250 83.771355
15.546875 87.318857
15.562500 91.195704
15.578125 93.651552
15.593750 94.746800
15.609375 94.566292
15.625000 93.050276
15.640625 89.810471
15.656250 83.234058
15.671875 75.708086
15.687500 85.929788
15.703125 90.088400
15.718750 91.971487
15.734375 92.445808
15.750000 91.683952
15.765625 89.463000
15.781250 84.668893
15.796875 70.077907
15.812500 83.523897
15.828125 89.598567
15.843750 92.491365
15.859375 93.708985
15.875000 93.605777
15.890625 92.223467
15.906250 89.437328
15.921875 84.940960
15.937500 78.086381
15.953125 67.370391
15.968750 58.736679
15.984375 62.853542
