0.000000 55.517464
0.015625 58.615518
0.031250 60.087224
0.046875 50.641414
0.062500 73.622047
0.078125 82.447708
0.093750 87.976935
0.109375 91.536378
0.125000 93.580379
0.140625 94.290047
0.156250 93.709393
0.171875 91.778977
0.187500 88.323889
0.203125 83.296913
0.218750 81.615811
0.234375 86.262608
0.250000 89.941717
0.265625 92.057826
0.281250 92.778099
0.296875 92.154103
0.312500 90.091253
0.328125 86.157811
0.343750 78.380821
0.359375 67.748694
0.375000 80.888659
0.390625 85.031100
0.406250 87.040465
0.421875 87.717001
0.437500 87.134447
0.453125 85.155584
0.468750 81.519502
0.484375 75.890559
0.500000 68.581553
0.515625 64.201142
0.531250 67.255824
0.546875 70.662282
0.562500 71.593431
0.578125 70.105966
0.593750 66.520351
0.609375 62.248612
0.625000 60.806862
0.640625 62.464593
0.656250 65.004248
0.671875 66.832523
0.687500 67.462371
0.703125 67.012745
0.718750 66.122287
0.734375 65.402640
0.750000 64.074063
0.765625 60.657796
0.781250 55.392809
0.796875 56.179662
0.812500 57.299474
0.828125 57.622756
0.843750 59.895446
0.859375 61.416378
0.875000 61.002366
0.890625 58.900535
0.906250 55.334796
0.921875 49.703393
0.937500 46.623724
0.953125 54.160906
0.968750 59.166157
0.984375 61.594855
1.000000 61.513203
1.015625 58.452482
1.031250 51.314953
1.046875 47.872118
1.062500 45.703965
1.078125 48.388670
1.093750 57.016536
1.109375 59.936950
1.125000 59.667412
1.140625 56.679882
1.156250 50.999006
1.171875 49.429033
1.187500 52.377943
1.203125 52.372533
1.218750 49.262218
1.234375 44.428033
1.250000 38.515310
1.265625 40.096227
1.281250 50.466342
1.296875 53.402868
1.312500 51.926339
1.328125 45.746779
1.343750 46.420546
1.359375 48.497588
1.375000 47.555230
1.390625 52.140012
1.406250 55.748084
1.421875 56.540067
1.437500 54.907870
1.453125 50.314840
1.468750 37.856113
1.484375 41.888078
1.500000 44.265385
1.515625 44.173773
1.531250 50.482157
1.546875 53.242943
1.562500 51.942555
1.578125 45.929160
1.593750 43.720517
1.609375 44.156882
1.625000 30.743734
1.640625 50.471264
1.656250 55.145068
1.671875 55.841275
1.687500 53.833235
1.703125 50.385600
1.718750 48.769202
1.734375 48.112614
1.750000 46.696616
1.765625 48.055582
1.781250 50.562134
1.796875 51.681039
1.812500 52.988337
1.828125 55.337714
1.843750 56.650585
1.859375 55.797104
1.875000 53.070171
1.890625 52.107703
1.906250 53.177518
1.921875 53.832301
1.937500 56.732443
1.953125 59.999410
1.968750 61.510415
1.984375 61.038596
2.000000 58.434411
2.015625 53.245412
2.031250 46.380562
2.046875 46.599406
2.062500 54.639781
2.078125 60.914317
2.093750 64.459698
2.109375 65.851176
2.125000 65.408262
2.140625 63.362505
2.156250 60.319159
2.171875 58.369378
2.187500 60.733184
2.203125 65.165108
2.218750 68.728320
2.234375 70.960796
2.250000 71.961561
2.265625 71.846433
2.281250 70.657157
2.296875 68.323223
2.312500 65.093513
2.328125 65.128454
2.343750 69.438447
2.359375 72.963774
2.375000 75.126258
2.390625 76.100653
2.406250 75.976301
2.421875 74.730992
2.437500 72.191568
2.453125 67.868419
2.468750 61.865261
2.484375 64.879810
2.500000 69.805307
2.515625 72.685001
2.531250 74.193630
2.546875 74.676724
2.562500 74.383294
2.578125 73.602780
2.593750 72.672054
2.609375 71.922421
2.625000 71.678761
2.640625 72.082201
2.656250 72.795936
2.671875 73.314128
2.687500 73.379310
2.703125 73.020678
2.718750 72.418281
2.734375 71.656422
2.750000 70.720216
2.765625 70.376648
2.781250 71.998091
2.796875 74.400606
2.812500 76.031294
2.828125 76.559270
2.843750 76.132635
2.859375 75.096860
2.875000 73.868974
2.890625 73.023759
2.906250 73.865893
2.921875 76.429053
2.937500 78.882915
2.953125 80.363818
2.968750 80.743035
2.984375 80.037824
3.000000 78.210277
3.015625 74.954350
3.031250 70.132126
3.046875 72.781175
3.062500 78.693099
3.078125 82.417231
3.093750 84.523872
3.109375 85.350409
3.125000 85.029635
3.140625 83.577984
3.156250 80.878930
3.171875 76.569849
3.187500 71.389451
3.203125 74.074691
3.218750 78.282143
3.234375 80.552618
3.250000 81.291643
3.265625 80.691486
3.281250 78.760551
3.296875 75.444510
3.312500 71.335814
3.328125 70.421511
3.343750 73.212757
3.359375 75.834491
3.375000 77.494319
3.390625 78.052388
3.406250 77.417322
3.421875 75.470320
3.437500 71.934847
3.453125 66.300216
3.468750 64.162621
3.484375 69.215319
3.500000 72.293516
3.515625 73.497780
3.531250 73.155920
3.546875 71.306869
3.562500 67.778096
3.578125 62.006147
3.593750 52.028887
3.609375 53.487734
3.625000 59.375271
3.640625 61.749113
3.656250 61.851402
3.671875 60.220471
3.687500 58.939591
3.703125 60.039570
3.718750 60.782157
3.734375 59.625383
3.750000 56.371313
3.765625 51.831798
3.781250 49.711634
3.796875 52.864791
3.812500 57.725641
3.828125 60.995195
3.843750 62.409835
3.859375 62.269668
3.875000 60.996818
3.890625 59.246768
3.906250 58.068236
3.921875 58.855299
3.937500 61.118229
3.953125 63.015695
3.968750 63.838647
3.984375 63.583668
4.000000 62.514090
4.015625 61.133477
4.031250 60.131827
4.046875 59.940530
4.062500 60.294749
4.078125 60.605016
4.093750 60.569780
4.109375 60.302895
4.125000 59.930517
4.140625 59.107303
4.156250 57.224324
4.171875 53.926584
4.187500 50.093510
4.203125 49.610295
4.218750 53.251771
4.234375 57.112582
4.250000 59.494431
4.265625 60.115218
4.281250 58.892494
4.296875 55.989350
4.312500 54.702049
4.328125 57.490412
4.343750 59.693330
4.359375 60.669758
4.375000 61.174085
4.390625 61.778049
4.406250 62.303145
4.421875 62.298910
4.437500 61.560146
4.453125 60.030575
4.468750 57.489158
4.484375 53.302232
4.500000 47.683992
4.515625 48.479230
4.531250 50.225021
4.546875 48.790433
4.562500 44.803269
4.578125 42.897737
4.593750 42.737731
4.609375 39.325449
4.625000 33.913976
4.640625 38.293224
4.656250 46.493044
4.671875 51.638319
4.687500 54.017466
4.703125 54.115443
4.718750 52.313424
4.734375 49.684407
4.750000 49.381500
4.765625 52.841783
4.781250 56.874605
4.796875 59.707588
4.812500 61.116286
4.828125 61.321115
4.843750 60.846893
4.859375 60.553527
4.875000 61.089836
4.890625 62.442044
4.906250 64.177081
4.921875 65.621098
4.937500 66.263407
4.953125 65.993066
4.968750 65.264122
4.984375 65.189699
5.000000 66.216733
5.015625 67.476829
5.031250 68.343863
5.046875 68.682325
5.062500 68.528901
5.078125 67.981150
5.093750 67.149664
5.109375 66.245931
5.125000 65.934324
5.140625 66.756926
5.156250 67.843166
5.171875 68.126346
5.187500 67.231203
5.203125 65.495093
5.218750 64.321404
5.234375 64.358998
5.250000 64.207918
5.265625 63.540508
5.281250 63.441997
5.296875 63.824327
5.312500 63.362924
5.328125 62.213616
5.343750 63.029930
5.359375 65.363753
5.375000 66.738223
5.390625 66.797301
5.406250 65.919110
5.421875 64.502820
5.437500 62.309189
5.453125 58.069343
5.468750 52.554230
5.484375 58.269129
5.500000 62.025698
5.515625 63.158975
5.531250 62.547248
5.546875 60.729608
5.562500 58.609613
5.578125 57.213136
5.593750 55.581833
5.609375 51.195560
5.625000 43.979132
5.640625 52.233778
5.656250 56.416437
5.671875 59.280909
5.687500 61.955251
5.703125 63.471888
5.718750 62.853421
5.734375 58.731428
5.750000 52.613925
5.765625 60.815982
5.781250 64.262838
5.796875 64.522234
5.812500 62.227812
5.828125 56.824303
5.843750 46.387639
5.859375 54.469795
5.875000 60.589392
5.890625 64.395297
5.906250 66.806142
5.921875 68.121166
5.937500 68.482460
5.953125 67.845610
5.968750 65.946081
5.984375 62.874334
6.000000 62.876178
6.015625 66.436166
6.031250 68.645025
6.046875 69.088189
6.062500 68.187394
6.078125 66.844604
6.093750 66.134082
6.109375 65.547843
6.125000 63.725887
6.140625 59.664784
6.156250 53.979831
6.171875 55.462666
6.187500 57.114880
6.203125 55.390135
6.218750 51.685814
6.234375 54.912963
6.250000 58.515909
6.265625 60.051868
6.281250 61.372602
6.296875 63.628142
6.312500 65.742762
6.328125 66.801732
6.343750 66.641896
6.359375 65.477433
6.375000 64.038330
6.390625 63.293893
6.406250 63.011600
6.421875 62.575892
6.437500 62.627625
6.453125 63.673773
6.468750 64.571408
6.484375 64.360779
6.500000 62.793655
6.515625 60.289664
6.531250 58.757443
6.546875 59.405840
6.562500 60.585593
6.578125 61.520459
6.593750 61.979442
6.609375 61.688356
6.625000 60.563583
6.640625 58.990044
6.656250 57.996153
6.671875 58.157898
6.687500 58.639690
6.703125 58.827567
6.718750 59.033619
6.734375 59.677573
6.750000 60.372387
6.765625 60.691364
6.781250 60.946920
6.796875 61.576126
6.812500 62.081967
6.828125 61.578766
6.843750 59.653779
6.859375 58.193416
6.875000 60.846189
6.890625 63.831730
6.906250 65.386430
6.921875 65.664912
6.937500 64.939636
6.953125 63.460858
6.968750 61.439129
6.984375 58.859338
7.000000 55.287383
7.015625 51.501749
7.031250 53.313413
7.046875 56.263740
7.062500 57.243375
7.078125 56.410009
7.093750 54.083219
7.109375 51.303354
7.125000 50.279387
7.140625 50.691048
7.156250 51.587346
7.171875 52.959987
7.187500 53.638315
7.203125 52.479469
7.218750 48.854040
7.234375 45.379382
7.250000 47.471958
7.265625 48.323669
7.281250 47.038255
7.296875 45.179507
7.312500 43.588387
7.328125 41.077564
7.343750 36.678622
7.359375 32.804980
7.375000 38.357552
7.390625 41.795715
7.406250 41.550679
7.421875 37.137967
7.437500 25.752164
7.453125 17.295418
7.468750 29.468291
7.484375 38.835154
7.500000 41.666352
7.515625 40.450757
7.531250 35.227707
7.546875 28.954389
7.562500 29.158231
7.578125 33.184169
7.593750 36.728124
7.609375 36.708379
7.625000 35.958712
7.640625 37.391173
7.656250 36.238235
7.671875 30.310481
7.687500 34.420541
7.703125 36.885606
7.718750 34.918666
7.734375 35.178853
7.750000 36.825921
7.765625 34.491772
7.781250 32.885412
7.796875 35.638902
7.812500 34.354866
7.828125 33.249604
7.843750 36.496499
7.859375 35.981383
7.875000 32.916775
7.890625 35.360831
7.906250 35.750234
7.921875 32.641202
7.937500 34.993702
7.953125 36.392789
7.968750 33.460984
7.984375 33.912580
8.000000 36.136893
8.015625 33.912580
8.031250 33.460984
8.046875 36.392789
8.062500 34.993702
8.078125 32.641202
8.093750 35.750234
8.109375 35.360831
8.125000 32.916775
8.140625 35.981383
8.156250 36.496499
8.171875 33.249604
8.187500 34.354866
8.203125 35.638902
8.218750 32.885412
8.234375 34.491772
8.250000 36.825921
8.265625 35.178853
8.281250 34.918666
8.296875 36.885606
8.312500 34.420541
8.328125 30.310481
8.343750 36.238235
8.359375 37.391173
8.375000 35.958712
8.390625 36.708379
8.406250 36.728124
8.421875 33.184169
8.437500 29.158231
8.453125 28.954389
8.468750 35.227707
8.484375 40.450757
8.500000 41.666352
8.515625 38.835154
8.531250 29.468291
8.546875 17.295418
8.562500 25.752164
8.578125 37.137967
8.593750 41.550679
8.609375 41.795715
8.625000 38.357552
8.640625 32.804980
8.656250 36.678622
8.671875 41.077564
8.687500 43.588387
8.703125 45.179507
8.718750 47.038255
8.734375 48.323669
8.750000 47.471958
8.765625 45.379382
8.781250 48.854040
8.796875 52.479469
8.812500 53.638315
8.828125 52.959987
8.843750 51.587346
8.859375 50.691048
8.875000 50.279387
8.890625 51.303354
8.906250 54.083219
8.921875 56.410009
8.937500 57.243375
8.953125 56.263740
8.968750 53.313413
8.984375 51.501749
9.000000 55.287383
9.015625 58.859338
9.031250 61.439129
9.046875 63.460858
9.062500 64.939636
9.078125 65.664912
9.093750 65.386430
9.109375 63.831730
9.125000 60.846189
9.140625 58.193416
9.156250 59.653779
9.171875 61.578766
9.187500 62.081967
9.203125 61.576126
9.218750 60.946920
9.234375 60.691364
9.250000 60.372387
9.265625 59.677573
9.281250 59.033619
9.296875 58.827567
9.312500 58.639690
9.328125 58.157898
9.343750 57.996153
9.359375 58.990044
9.375000 60.563583
9.390625 61.688356
9.406250 61.979442
9.421875 61.520459
9.437500 60.585593
9.453125 59.405840
9.468750 58.757443
9.484375 60.289664
9.500000 62.793655
9.515625 64.360779
9.531250 64.571408
9.546875 63.673773
9.562500 62.627625
9.578125 62.575892
9.593750 63.011600
9.609375 63.293893
9.625000 64.038330
9.640625 65.477433
9.656250 66.641896
9.671875 66.801732
9.687500 65.742762
9.703125 63.628142
9.718750 61.372602
9.734375 60.051868
9.750000 58.515909
9.765625 54.912963
9.781250 51.685814
9.796875 55.390135
9.812500 57.114880
9.828125 55.462666
9.843750 53.979831
9.859375 59.664784
9.875000 63.725887
9.890625 65.547843
9.906250 66.134082
9.921875 66.844604
9.937500 68.187394
9.953125 69.088189
9.968750 68.645025
9.984375 66.436166
10.000000 62.876178
10.015625 62.874334
10.031250 65.946081
10.046875 67.845610
10.062500 68.482460
10.078125 68.121166
10.093750 66.806142
10.109375 64.395297
10.125000 60.589392
10.140625 54.469795
10.156250 46.387639
10.171875 56.824303
10.187500 62.227812
10.203125 64.522234
10.218750 64.262838
10.234375 60.815982
10.250000 52.613925
10.265625 58.731428
10.281250 62.853421
10.296875 63.471888
10.312500 61.955251
10.328125 59.280909
10.343750 56.416437
10.359375 52.233778
10.375000 43.979132
10.390625 51.195560
10.406250 55.581833
10.421875 57.213136
10.437500 58.609613
10.453125 60.729608
10.468750 62.547248
10.484375 63.158975
10.500000 62.025698
10.515625 58.269129
10.531250 52.554230
10.546875 58.069343
10.562500 62.309189
10.578125 64.502820
10.593750 65.919110
10.609375 66.797301
10.625000 66.738223
10.640625 65.363753
10.656250 63.029930
10.671875 62.213616
10.687500 63.362924
10.703125 63.824327
10.718750 63.441997
10.734375 63.540508
10.750000 64.207918
10.765625 64.358998
10.781250 64.321404
10.796875 65.495093
10.812500 67.231203
10.828125 68.126346
10.843750 67.843166
10.859375 66.756926
10.875000 65.934324
10.890625 66.245931
10.906250 67.149664
10.921875 67.981150
10.937500 68.528901
10.953125 68.682325
10.968750 68.343863
10.984375 67.476829
11.000000 66.216733
11.015625 65.189699
11.031250 65.264122
11.046875 65.993066
11.062500 66.263407
11.078125 65.621098
11.093750 64.177081
11.109375 62.442044
11.125000 61.089836
11.140625 60.553527
11.156250 60.846893
11.171875 61.321115
11.187500 61.116286
11.203125 59.707588
11.218750 56.874605
11.234375 52.841783
11.250000 49.381500
11.265625 49.684407
11.281250 52.313424
11.296875 54.115443
11.312500 54.017466
11.328125 51.638319
11.343750 46.493044
11.359375 38.293224
11.375000 33.913976
11.390625 39.325449
11.406250 42.737731
11.421875 42.897737
11.437500 44.803269
11.453125 48.790433
11.468750 50.225021
11.484375 48.479230
11.500000 47.683992
11.515625 53.302232
11.531250 57.489158
11.546875 60.030575
11.562500 61.560146
11.578125 62.298910
11.593750 62.303145
11.609375 61.778049
11.625000 61.174085
11.640625 60.669758
11.656250 59.693330
11.671875 57.490412
11.687500 54.702049
11.703125 55.989350
11.718750 58.892494
11.734375 60.115218
11.750000 59.494431
11.765625 57.112582
11.781250 53.251771
11.796875 49.610295
11.812500 50.093510
11.828125 53.926584
11.843750 57.224324
11.859375 59.107303
11.875000 59.930517
11.890625 60.302895
11.906250 60.569780
11.921875 60.605016
11.937500 60.294749
11.953125 59.940530
11.968750 60.131827
11.984375 61.133477
12.000000 62.514090
12.015625 63.583668
12.031250 63.838647
12.046875 63.015695
12.062500 61.118229
12.078125 58.855299
12.093750 58.068236
12.109375 59.246768
12.125000 60.996818
12.140625 62.269668
12.156250 62.409835
12.171875 60.995195
12.187500 57.725641
12.203125 52.864791
12.218750 49.711634
12.234375 51.831798
12.250000 56.371313
12.265625 59.625383
12.281250 60.782157
12.296875 60.039570
12.312500 58.939591
12.328125 60.220471
12.343750 61.851402
12.359375 61.749113
12.375000 59.375271
12.390625 53.487734
12.406250 52.028887
12.421875 62.006147
12.437500 67.778096
12.453125 71.306869
12.468750 73.155920
12.484375 73.497780
12.500000 72.293516
12.515625 69.215319
12.531250 64.162621
12.546875 66.300216
12.562500 71.934847
12.578125 75.470320
12.593750 77.417322
12.609375 78.052388
12.625000 77.494319
12.640625 75.834491
12.656250 73.212757
12.671875 70.421511
12.687500 71.335814
12.703125 75.444510
12.718750 78.760551
12.734375 80.691486
12.750000 81.291643
12.765625 80.552618
12.781250 78.282143
12.796875 74.074691
12.812500 71.389451
12.828125 76.569849
12.843750 80.878930
12.859375 83.577984
12.875000 85.029635
12.890625 85.350409
12.906250 84.523872
12.921875 82.417231
12.937500 78.693099
12.953125 72.781175
12.968750 70.132126
12.984375 74.954350
13.000000 78.210277
13.015625 80.037824
13.031250 80.743035
13.046875 80.363818
13.062500 78.882915
13.078125 76.429053
13.093750 73.865893
13.109375 73.023759
13.125000 73.868974
13.140625 75.096860
13.156250 76.132635
13.171875 76.559270
13.187500 76.031294
13.203125 74.400606
13.218750 71.998091
13.234375 70.376648
13.250000 70.720216
13.265625 71.656422
13.281250 72.418281
13.296875 73.020678
13.312500 73.379310
13.328125 73.314128
13.343750 72.795936
13.359375 72.082201
13.375000 71.678761
13.390625 71.922421
13.406250 72.672054
13.421875 73.602780
13.437500 74.383294
13.453125 74.676724
13.468750 74.193630
13.484375 72.685001
13.500000 69.805307
13.515625 64.879810
13.531250 61.865261
13.546875 67.868419
13.562500 72.191568
13.578125 74.730992
13.593750 75.976301
13.609375 76.100653
13.625000 75.126258
13.640625 72.963774
13.656250 69.438447
13.671875 65.128454
13.687500 65.093513
13.703125 68.323223
13.718750 70.657157
13.734375 71.846433
13.750000 71.961561
13.765625 70.960796
13.781250 68.728320
13.796875 65.165108
13.812500 60.733184
13.828125 58.369378
13.843750 60.319159
13.859375 63.362505
13.875000 65.408262
13.890625 65.851176
13.906250 64.459698
13.921875 60.914317
13.937500 54.639781
13.953125 46.599406
13.968750 46.380562
13.984375 53.245412
14.000000 58.434411
14.015625 61.038596
14.031250 61.510415
14.046875 59.999410
14.062500 56.732443
14.078125 53.832301
14.093750 53.177518
14.109375 52.107703
14.125000 53.070171
14.140625 55.797104
14.156250 56.650585
14.171875 55.337714
14.187500 52.988337
14.203125 51.681039
14.218750 50.562134
14.234375 48.055582
14.250000 46.696616
14.265625 48.112614
14.281250 48.769202
14.296875 50.385600
14.312500 53.833235
14.328125 55.841275
14.343750 55.145068
14.359375 50.471264
14.375000 30.743734
14.390625 44.156882
14.406250 43.720517
14.421875 45.929160
14.437500 51.942555
14.453125 53.242943
14.468750 50.482157
14.484375 44.173773
14.500000 44.265385
14.515625 41.888078
14.531250 37.856113
14.546875 50.314840
14.562500 54.907870
14.578125 56.540067
14.593750 55.748084
14.609375 52.140012
14.625000 47.555230
14.640625 48.497588
14.656250 46.420546
14.671875 45.746779
14.687500 51.926339
14.703125 53.402868
14.718750 50.466342
14.734375 40.096227
14.750000 38.515310
14.765625 44.428033
14.781250 49.262218
14.796875 52.372533
14.812500 52.377943
14.828125 49.429033
14.843750 50.999006
14.859375 56.679882
14.875000 59.667412
14.890625 59.936950
14.906250 57.016536
14.921875 48.388670
14.937500 45.703965
14.953125 47.872118
14.968750 51.314953
14.984375 58.452482
15.000000 61.513203
15.015625 61.594855
15.031250 59.166157
15.046875 54.160906
15.062500 46.623724
15.078125 49.703393
15.093750 55.334796
15.109375 58.900535
15.125000 61.002366
15.140625 61.416378
15.156250 59.895446
15.171875 57.622756
15.187500 57.299474
15.203125 56.179662
15.218750 55.392809
15.234375 60.657796
15.250000 64.074063
15.265625 65.402640
15.281250 66.122287
15.296875 67.012745
15.312500 67.462371
15.328125 66.832523
15.343750 65.004248
15.359375 62.464593
15.375000 60.806862
15.390625 62.248612
15.406250 66.520351
15.421875 70.105966
15.437500 71.593431
15.453125 70.662282
15.468750 67.255824
15.484375 64.201142
15.500000 68.581553
15.515625 75.890559
15.531250 81.519502
15.546875 85.155584
15.562500 87.134447
15.578125 87.717001
15.593750 87.040465
15.609375 85.031100
15.625000 80.888659
15.640625 67.748694
15.656250 78.380821
15.671875 86.157811
15.687500 90.091253
15.703125 92.154103
15.718750 92.778099
15.734375 92.057826
15.750000 89.941717
15.765625 86.262608
15.781250 81.615811
15.796875 83.296913
15.812500 88.323889
15.828125 91.778977
15.843750 93.709393
15.859375 94.290047
15.875000 93.580379
15.890625 91.536378
15.906250 87.976935
15.921875 82.447708
15.937500 73.622047
15.953125 50.641414
15.968750 60.087224
15.984375 58.615518
