0 0.000000
1 -0.000607
2 -0.000376
3 0.000376
4 0.000610
5 0.000000
6 -0.000613
7 -0.000380
8 0.000380
9 0.000617
10 0.000000
11 -0.000619
12 -0.000383
13 0.000384
14 0.000623
15 -0.000000
16 -0.000625
17 -0.000387
18 0.000388
19 0.000629
20 -0.000000
21 -0.000632
22 -0.000391
23 0.000392
24 0.000636
25 -0.000000
26 -0.000639
27 -0.000396
28 0.000396
29 0.000643
30 0.000000
31 -0.000645
32 -0.000400
33 0.000401
34 0.000650
35 -0.000000
36 -0.000652
37 -0.000404
38 0.000405
39 0.000657
40 0.000000
41 -0.000660
42 -0.000409
43 0.000409
44 0.000664
45 -0.000000
46 -0.000667
47 -0.000413
48 0.000414
49 0.000671
50 -0.000000
51 -0.000674
52 -0.000418
53 0.000419
54 0.000679
55 0.000000
56 -0.000682
57 -0.000422
58 0.000423
59 0.000686
60 0.000000
61 -0.000690
62 -0.000427
63 0.000428
64 0.000694
65 0.000000
66 -0.000698
67 -0.000432
68 0.000433
69 0.000702
70 -0.000000
71 -0.000706
72 -0.000437
73 0.000438
74 0.000711
75 -0.000000
76 -0.000714
77 -0.000442
78 0.000443
79 0.000719
80 0.000000
81 -0.000723
82 -0.000448
83 0.000449
84 0.000728
85 0.000000
86 -0.000731
87 -0.000453
88 0.000454
89 0.000737
90 -0.000000
91 -0.000740
92 -0.000459
93 0.000460
94 0.000746
95 -0.000000
96 -0.000749
97 -0.000464
98 0.000465
99 0.000755
100 0.000000
101 -0.000759
102 -0.000470
103 0.000471
104 0.000764
105 0.000000
106 -0.000768
107 -0.000476
108 0.000477
109 0.000774
110 -0.000000
111 -0.000778
112 -0.000482
113 0.000483
114 0.000784
115 0.000000
116 -0.000788
117 -0.000489
118 0.000490
119 0.000795
120 0.000000
121 -0.000799
122 -0.000495
123 0.000496
124 0.000805
125 -0.000000
126 -0.000809
127 -0.000502
128 0.000503
129 0.000816
130 -0.000000
131 -0.000820
132 -0.000508
133 0.000510
134 0.000827
135 0.000000
136 -0.000832
137 -0.000515
138 0.000517
139 0.000839
140 0.000000
141 -0.000843
142 -0.000523
143 0.000524
144 0.000850
145 0.000000
146 -0.000855
147 -0.000530
148 0.000532
149 0.000862
150 -0.000000
151 -0.000867
152 -0.000538
153 0.000539
154 0.000875
155 0.000000
156 -0.000880
157 -0.000545
158 0.000547
159 0.000888
160 0.000000
161 -0.000893
162 -0.000554
163 0.000555
164 0.000901
165 -0.000000
166 -0.000906
167 -0.000562
168 0.000564
169 0.000915
170 -0.000000
171 -0.000920
172 -0.000570
173 0.000572
174 0.000929
175 -0.000000
176 -0.000934
177 -0.000579
178 0.000581
179 0.000943
180 -0.000000
181 -0.000949
182 -0.000588
183 0.000590
184 0.000958
185 0.000000
186 -0.000964
187 -0.000598
188 0.000600
189 0.000973
190 0.000000
191 -0.000980
192 -0.000607
193 0.000609
194 0.000989
195 0.000000
196 -0.000996
197 -0.000617
198 0.000620
199 0.001006
200 0.000000
201 -0.001012
202 -0.000628
203 0.000630
204 0.001023
205 0.000000
206 -0.001030
207 -0.000639
208 0.000641
209 0.001040
210 0.000000
211 -0.001048
212 -0.000650
213 0.000652
214 0.001058
215 0.000000
216 -0.001066
217 -0.000661
218 0.000663
219 0.001077
220 -0.000000
221 -0.001085
222 -0.000673
223 0.000675
224 0.001097
225 0.000000
226 -0.001105
227 -0.000685
228 0.000688
229 0.001117
230 -0.000000
231 -0.001125
232 -0.000698
233 0.000701
234 0.001138
235 -0.000000
236 -0.001147
237 -0.000711
238 0.000714
239 0.001160
240 0.000000
241 -0.001169
242 -0.000725
243 0.000728
244 0.001183
245 0.000000
246 -0.001192
247 -0.000740
248 0.000742
249 0.001206
250 0.000000
251 -0.001216
252 -0.000754
253 0.000757
254 0.001231
255 0.000000
256 -0.001241
257 -0.000770
258 0.000773
259 0.001256
260 -0.000000
261 -0.001267
262 -0.000786
263 0.000789
264 0.001283
265 0.000000
266 -0.001294
267 -0.000803
268 0.000806
269 0.001311
270 0.000000
271 -0.001322
272 -0.000821
273 0.000824
274 0.001340
275 -0.000000
276 -0.001351
277 -0.000839
278 0.000843
279 0.001370
280 0.000000
281 -0.001382
282 -0.000858
283 0.000862
284 0.001402
285 -0.000000
286 -0.001415
287 -0.000878
288 0.000883
289 0.001435
290 0.000000
291 -0.001448
292 -0.000900
293 0.000904
294 0.001470
295 -0.000000
296 -0.001484
297 -0.000922
298 0.000926
299 0.001506
300 0.000000
301 -0.001521
302 -0.000945
303 0.000950
304 0.001545
305 -0.000000
306 -0.001560
307 -0.000969
308 0.000974
309 0.001585
310 0.000000
311 -0.001602
312 -0.000995
313 0.001001
314 0.001628
315 -0.000000
316 -0.001645
317 -0.001022
318 0.001028
319 0.001673
320 0.000000
321 -0.001691
322 -0.001051
323 0.001057
324 0.001720
325 -0.000000
326 -0.001740
327 -0.001081
328 0.001088
329 0.001770
330 0.000000
331 -0.001791
332 -0.001114
333 0.001120
334 0.001824
335 -0.000000
336 -0.001846
337 -0.001148
338 0.001155
339 0.001880
340 -0.000000
341 -0.001904
342 -0.001184
343 0.001192
344 0.001941
345 0.000000
346 -0.001966
347 -0.001223
348 0.001231
349 0.002005
350 0.000000
351 -0.002032
352 -0.001264
353 0.001273
354 0.002073
355 0.000000
356 -0.002102
357 -0.001308
358 0.001318
359 0.002147
360 -0.000000
361 -0.002178
362 -0.001356
363 0.001366
364 0.002226
365 -0.000000
366 -0.002259
367 -0.001407
368 0.001417
369 0.002311
370 0.000000
371 -0.002347
372 -0.001462
373 0.001473
374 0.002403
375 0.000000
376 -0.002441
377 -0.001521
378 0.001534
379 0.002502
380 -0.000000
381 -0.002544
382 -0.001586
383 0.001599
384 0.002610
385 0.000000
386 -0.002656
387 -0.001656
388 0.001671
389 0.002727
390 0.000000
391 -0.002777
392 -0.001732
393 0.001749
394 0.002856
395 0.000000
396 -0.002911
397 -0.001816
398 0.001834
399 0.002997
400 0.000000
401 -0.003058
402 -0.001909
403 0.001929
404 0.003153
405 0.000000
406 -0.003221
407 -0.002012
408 0.002034
409 0.003327
410 0.000000
411 -0.003401
412 -0.002126
413 0.002151
414 0.003520
415 0.000000
416 -0.003604
417 -0.002254
418 0.002282
419 0.003737
420 -0.000000
421 -0.003832
422 -0.002399
423 0.002430
424 0.003983
425 0.000000
426 -0.004091
427 -0.002563
428 0.002599
429 0.004264
430 -0.000000
431 -0.004387
432 -0.002751
433 0.002793
434 0.004587
435 0.000000
436 -0.004730
437 -0.002970
438 0.003018
439 0.004963
440 -0.000000
441 -0.005131
442 -0.003226
443 0.003282
444 0.005406
445 0.000000
446 -0.005606
447 -0.003530
448 0.003598
449 0.005936
450 0.000000
451 -0.006178
452 -0.003898
453 0.003981
454 0.006581
455 0.000000
456 -0.006880
457 -0.004351
458 0.004455
459 0.007384
460 -0.000000
461 -0.007762
462 -0.004924
463 0.005057
464 0.008409
465 -0.000000
466 -0.008904
467 -0.005670
468 0.005847
469 0.009766
470 -0.000000
471 -0.010439
472 -0.006682
473 0.006930
474 0.011643
475 0.000000
476 -0.012614
477 -0.008135
478 0.008504
479 0.014416
480 -0.000000
481 -0.015933
482 -0.010394
483 0.011006
484 0.018921
485 -0.000000
486 -0.021624
487 -0.014392
488 0.015591
489 0.027521
490 -0.000000
491 -0.033637
492 -0.023387
493 0.026728
494 0.050455
495 -0.000000
496 -0.075683
497 -0.062366
498 0.093549
499 0.302731
500 0.400000
501 0.302731
502 0.093549
503 -0.062366
504 -0.075683
505 -0.000000
506 0.050455
507 0.026728
508 -0.023387
509 -0.033637
510 -0.000000
511 0.027521
512 0.015591
513 -0.014392
514 -0.021624
515 -0.000000
516 0.018921
517 0.011006
518 -0.010394
519 -0.015933
520 -0.000000
521 0.014416
522 0.008504
523 -0.008135
524 -0.012614
525 0.000000
526 0.011643
527 0.006930
528 -0.006682
529 -0.010439
530 -0.000000
531 0.009766
532 0.005847
533 -0.005670
534 -0.008904
535 -0.000000
536 0.008409
537 0.005057
538 -0.004924
539 -0.007762
540 -0.000000
541 0.007384
542 0.004455
543 -0.004351
544 -0.006880
545 0.000000
546 0.006581
547 0.003981
548 -0.003898
549 -0.006178
550 0.000000
551 0.005936
552 0.003598
553 -0.003530
554 -0.005606
555 0.000000
556 0.005406
557 0.003282
558 -0.003226
559 -0.005131
560 -0.000000
561 0.004963
562 0.003018
563 -0.002970
564 -0.004730
565 0.000000
566 0.004587
567 0.002793
568 -0.002751
569 -0.004387
570 -0.000000
571 0.004264
572 0.002599
573 -0.002563
574 -0.004091
575 0.000000
576 0.003983
577 0.002430
578 -0.002399
579 -0.003832
580 -0.000000
581 0.003737
582 0.002282
583 -0.002254
584 -0.003604
585 0.000000
586 0.003520
587 0.002151
588 -0.002126
589 -0.003401
590 0.000000
591 0.003327
592 0.002034
593 -0.002012
594 -0.003221
595 0.000000
596 0.003153
597 0.001929
598 -0.001909
599 -0.003058
600 0.000000
601 0.002997
602 0.001834
603 -0.001816
604 -0.002911
605 0.000000
606 0.002856
607 0.001749
608 -0.001732
609 -0.002777
610 0.000000
611 0.002727
612 0.001671
613 -0.001656
614 -0.002656
615 0.000000
616 0.002610
617 0.001599
618 -0.001586
619 -0.002544
620 -0.000000
621 0.002502
622 0.001534
623 -0.001521
624 -0.002441
625 0.000000
626 0.002403
627 0.001473
628 -0.001462
629 -0.002347
630 0.000000
631 0.002311
632 0.001417
633 -0.001407
634 -0.002259
635 -0.000000
636 0.002226
637 0.001366
638 -0.001356
639 -0.002178
640 -0.000000
641 0.002147
642 0.001318
643 -0.001308
644 -0.002102
645 0.000000
646 0.002073
647 0.001273
648 -0.001264
649 -0.002032
650 0.000000
651 0.002005
652 0.001231
653 -0.001223
654 -0.001966
655 0.000000
656 0.001941
657 0.001192
658 -0.001184
659 -0.001904
660 -0.000000
661 0.001880
662 0.001155
663 -0.001148
664 -0.001846
665 -0.000000
666 0.001824
667 0.001120
668 -0.001114
669 -0.001791
670 0.000000
671 0.001770
672 0.001088
673 -0.001081
674 -0.001740
675 -0.000000
676 0.001720
677 0.001057
678 -0.001051
679 -0.001691
680 0.000000
681 0.001673
682 0.001028
683 -0.001022
684 -0.001645
685 -0.000000
686 0.001628
687 0.001001
688 -0.000995
689 -0.001602
690 0.000000
691 0.001585
692 0.000974
693 -0.000969
694 -0.001560
695 -0.000000
696 0.001545
697 0.000950
698 -0.000945
699 -0.001521
700 0.000000
701 0.001506
702 0.000926
703 -0.000922
704 -0.001484
705 -0.000000
706 0.001470
707 0.000904
708 -0.000900
709 -0.001448
710 0.000000
711 0.001435
712 0.000883
713 -0.000878
714 -0.001415
715 -0.000000
716 0.001402
717 0.000862
718 -0.000858
719 -0.001382
720 0.000000
721 0.001370
722 0.000843
723 -0.000839
724 -0.001351
725 -0.000000
726 0.001340
727 0.000824
728 -0.000821
729 -0.001322
730 0.000000
731 0.001311
732 0.000806
733 -0.000803
734 -0.001294
735 0.000000
736 0.001283
737 0.000789
738 -0.000786
739 -0.001267
740 -0.000000
741 0.001256
742 0.000773
743 -0.000770
744 -0.001241
745 0.000000
746 0.001231
747 0.000757
748 -0.000754
749 -0.001216
750 0.000000
751 0.001206
752 0.000742
753 -0.000740
754 -0.001192
755 0.000000
756 0.001183
757 0.000728
758 -0.000725
759 -0.001169
760 0.000000
761 0.001160
762 0.000714
763 -0.000711
764 -0.001147
765 -0.000000
766 0.001138
767 0.000701
768 -0.000698
769 -0.001125
770 -0.000000
771 0.001117
772 0.000688
773 -0.000685
774 -0.001105
775 0.000000
776 0.001097
777 0.000675
778 -0.000673
779 -0.001085
780 -0.000000
781 0.001077
782 0.000663
783 -0.000661
784 -0.001066
785 0.000000
786 0.001058
787 0.000652
788 -0.000650
789 -0.001048
790 0.000000
791 0.001040
792 0.000641
793 -0.000639
794 -0.001030
795 0.000000
796 0.001023
797 0.000630
798 -0.000628
799 -0.001012
800 0.000000
801 0.001006
802 0.000620
803 -0.000617
804 -0.000996
805 0.000000
806 0.000989
807 0.000609
808 -0.000607
809 -0.000980
810 0.000000
811 0.000973
812 0.000600
813 -0.000598
814 -0.000964
815 0.000000
816 0.000958
817 0.000590
818 -0.000588
819 -0.000949
820 -0.000000
821 0.000943
822 0.000581
823 -0.000579
824 -0.000934
825 -0.000000
826 0.000929
827 0.000572
828 -0.000570
829 -0.000920
830 -0.000000
831 0.000915
832 0.000564
833 -0.000562
834 -0.000906
835 -0.000000
836 0.000901
837 0.000555
838 -0.000554
839 -0.000893
840 0.000000
841 0.000888
842 0.000547
843 -0.000545
844 -0.000880
845 0.000000
846 0.000875
847 0.000539
848 -0.000538
849 -0.000867
850 -0.000000
851 0.000862
852 0.000532
853 -0.000530
854 -0.000855
855 0.000000
856 0.000850
857 0.000524
858 -0.000523
859 -0.000843
860 0.000000
861 0.000839
862 0.000517
863 -0.000515
864 -0.000832
865 0.000000
866 0.000827
867 0.000510
868 -0.000508
869 -0.000820
870 -0.000000
871 0.000816
872 0.000503
873 -0.000502
874 -0.000809
875 -0.000000
876 0.000805
877 0.000496
878 -0.000495
879 -0.000799
880 0.000000
881 0.000795
882 0.000490
883 -0.000489
884 -0.000788
885 0.000000
886 0.000784
887 0.000483
888 -0.000482
889 -0.000778
890 -0.000000
891 0.000774
892 0.000477
893 -0.000476
894 -0.000768
895 0.000000
896 0.000764
897 0.000471
898 -0.000470
899 -0.000759
900 0.000000
901 0.000755
902 0.000465
903 -0.000464
904 -0.000749
905 -0.000000
906 0.000746
907 0.000460
908 -0.000459
909 -0.000740
910 -0.000000
911 0.000737
912 0.000454
913 -0.000453
914 -0.000731
915 0.000000
916 0.000728
917 0.000449
918 -0.000448
919 -0.000723
920 0.000000
921 0.000719
922 0.000443
923 -0.000442
924 -0.000714
925 -0.000000
926 0.000711
927 0.000438
928 -0.000437
929 -0.000706
930 -0.000000
931 0.000702
932 0.000433
933 -0.000432
934 -0.000698
935 0.000000
936 0.000694
937 0.000428
938 -0.000427
939 -0.000690
940 0.000000
941 0.000686
942 0.000423
943 -0.000422
944 -0.000682
945 0.000000
946 0.000679
947 0.000419
948 -0.000418
949 -0.000674
950 -0.000000
951 0.000671
952 0.000414
953 -0.000413
954 -0.000667
955 -0.000000
956 0.000664
957 0.000409
958 -0.000409
959 -0.000660
960 0.000000
961 0.000657
962 0.000405
963 -0.000404
964 -0.000652
965 -0.000000
966 0.000650
967 0.000401
968 -0.000400
969 -0.000645
970 0.000000
971 0.000643
972 0.000396
973 -0.000396
974 -0.000639
975 -0.000000
976 0.000636
977 0.000392
978 -0.000391
979 -0.000632
980 -0.000000
981 0.000629
982 0.000388
983 -0.000387
984 -0.000625
985 -0.000000
986 0.000623
987 0.000384
988 -0.000383
989 -0.000619
990 0.000000
991 0.000617
992 0.000380
993 -0.000380
994 -0.000613
995 0.000000
996 0.000610
997 0.000376
998 -0.000376
999 -0.000607
1000 0.000000
