0 0.000000
1 -0.006178
2 -0.003898
3 0.003981
4 0.006581
5 0.000000
6 -0.006880
7 -0.004351
8 0.004455
9 0.007384
10 -0.000000
11 -0.007762
12 -0.004924
13 0.005057
14 0.008409
15 -0.000000
16 -0.008904
17 -0.005670
18 0.005847
19 0.009766
20 -0.000000
21 -0.010439
22 -0.006682
23 0.006930
24 0.011643
25 0.000000
26 -0.012614
27 -0.008135
28 0.008504
29 0.014416
30 -0.000000
31 -0.015933
32 -0.010394
33 0.011006
34 0.018921
35 -0.000000
36 -0.021624
37 -0.014392
38 0.015591
39 0.027521
40 -0.000000
41 -0.033637
42 -0.023387
43 0.026728
44 0.050455
45 -0.000000
46 -0.075683
47 -0.062366
48 0.093549
49 0.302731
50 0.400000
51 0.302731
52 0.093549
53 -0.062366
54 -0.075683
55 -0.000000
56 0.050455
57 0.026728
58 -0.023387
59 -0.033637
60 -0.000000
61 0.027521
62 0.015591
63 -0.014392
64 -0.021624
65 -0.000000
66 0.018921
67 0.011006
68 -0.010394
69 -0.015933
70 -0.000000
71 0.014416
72 0.008504
73 -0.008135
74 -0.012614
75 0.000000
76 0.011643
77 0.006930
78 -0.006682
79 -0.010439
80 -0.000000
81 0.009766
82 0.005847
83 -0.005670
84 -0.008904
85 -0.000000
86 0.008409
87 0.005057
88 -0.004924
89 -0.007762
90 -0.000000
91 0.007384
92 0.004455
93 -0.004351
94 -0.006880
95 0.000000
96 0.006581
97 0.003981
98 -0.003898
99 -0.006178
100 0.000000
