0 0.000000
1 -0.001216
2 -0.000754
3 0.000757
4 0.001231
5 0.000000
6 -0.001241
7 -0.000770
8 0.000773
9 0.001256
10 -0.000000
11 -0.001267
12 -0.000786
13 0.000789
14 0.001283
15 0.000000
16 -0.001294
17 -0.000803
18 0.000806
19 0.001311
20 0.000000
21 -0.001322
22 -0.000821
23 0.000824
24 0.001340
25 -0.000000
26 -0.001351
27 -0.000839
28 0.000843
29 0.001370
30 0.000000
31 -0.001382
32 -0.000858
33 0.000862
34 0.001402
35 -0.000000
36 -0.001415
37 -0.000878
38 0.000883
39 0.001435
40 0.000000
41 -0.001448
42 -0.000900
43 0.000904
44 0.001470
45 -0.000000
46 -0.001484
47 -0.000922
48 0.000926
49 0.001506
50 0.000000
51 -0.001521
52 -0.000945
53 0.000950
54 0.001545
55 -0.000000
56 -0.001560
57 -0.000969
58 0.000974
59 0.001585
60 0.000000
61 -0.001602
62 -0.000995
63 0.001001
64 0.001628
65 -0.000000
66 -0.001645
67 -0.001022
68 0.001028
69 0.001673
70 0.000000
71 -0.001691
72 -0.001051
73 0.001057
74 0.001720
75 -0.000000
76 -0.001740
77 -0.001081
78 0.001088
79 0.001770
80 0.000000
81 -0.001791
82 -0.001114
83 0.001120
84 0.001824
85 -0.000000
86 -0.001846
87 -0.001148
88 0.001155
89 0.001880
90 -0.000000
91 -0.001904
92 -0.001184
93 0.001192
94 0.001941
95 0.000000
96 -0.001966
97 -0.001223
98 0.001231
99 0.002005
100 0.000000
101 -0.002032
102 -0.001264
103 0.001273
104 0.002073
105 0.000000
106 -0.002102
107 -0.001308
108 0.001318
109 0.002147
110 -0.000000
111 -0.002178
112 -0.001356
113 0.001366
114 0.002226
115 -0.000000
116 -0.002259
117 -0.001407
118 0.001417
119 0.002311
120 0.000000
121 -0.002347
122 -0.001462
123 0.001473
124 0.002403
125 0.000000
126 -0.002441
127 -0.001521
128 0.001534
129 0.002502
130 -0.000000
131 -0.002544
132 -0.001586
133 0.001599
134 0.002610
135 0.000000
136 -0.002656
137 -0.001656
138 0.001671
139 0.002727
140 0.000000
141 -0.002777
142 -0.001732
143 0.001749
144 0.002856
145 0.000000
146 -0.002911
147 -0.001816
148 0.001834
149 0.002997
150 0.000000
151 -0.003058
152 -0.001909
153 0.001929
154 0.003153
155 0.000000
156 -0.003221
157 -0.002012
158 0.002034
159 0.003327
160 0.000000
161 -0.003401
162 -0.002126
163 0.002151
164 0.003520
165 0.000000
166 -0.003604
167 -0.002254
168 0.002282
169 0.003737
170 -0.000000
171 -0.003832
172 -0.002399
173 0.002430
174 0.003983
175 0.000000
176 -0.004091
177 -0.002563
178 0.002599
179 0.004264
180 -0.000000
181 -0.004387
182 -0.002751
183 0.002793
184 0.004587
185 0.000000
186 -0.004730
187 -0.002970
188 0.003018
189 0.004963
190 -0.000000
191 -0.005131
192 -0.003226
193 0.003282
194 0.005406
195 0.000000
196 -0.005606
197 -0.003530
198 0.003598
199 0.005936
200 0.000000
201 -0.006178
202 -0.003898
203 0.003981
204 0.006581
205 0.000000
206 -0.006880
207 -0.004351
208 0.004455
209 0.007384
210 -0.000000
211 -0.007762
212 -0.004924
213 0.005057
214 0.008409
215 -0.000000
216 -0.008904
217 -0.005670
218 0.005847
219 0.009766
220 -0.000000
221 -0.010439
222 -0.006682
223 0.006930
224 0.011643
225 0.000000
226 -0.012614
227 -0.008135
228 0.008504
229 0.014416
230 -0.000000
231 -0.015933
232 -0.010394
233 0.011006
234 0.018921
235 -0.000000
236 -0.021624
237 -0.014392
238 0.015591
239 0.027521
240 -0.000000
241 -0.033637
242 -0.023387
243 0.026728
244 0.050455
245 -0.000000
246 -0.075683
247 -0.062366
248 0.093549
249 0.302731
250 0.400000
251 0.302731
252 0.093549
253 -0.062366
254 -0.075683
255 -0.000000
256 0.050455
257 0.026728
258 -0.023387
259 -0.033637
260 -0.000000
261 0.027521
262 0.015591
263 -0.014392
264 -0.021624
265 -0.000000
266 0.018921
267 0.011006
268 -0.010394
269 -0.015933
270 -0.000000
271 0.014416
272 0.008504
273 -0.008135
274 -0.012614
275 0.000000
276 0.011643
277 0.006930
278 -0.006682
279 -0.010439
280 -0.000000
281 0.009766
282 0.005847
283 -0.005670
284 -0.008904
285 -0.000000
286 0.008409
287 0.005057
288 -0.004924
289 -0.007762
290 -0.000000
291 0.007384
292 0.004455
293 -0.004351
294 -0.006880
295 0.000000
296 0.006581
297 0.003981
298 -0.003898
299 -0.006178
300 0.000000
301 0.005936
302 0.003598
303 -0.003530
304 -0.005606
305 0.000000
306 0.005406
307 0.003282
308 -0.003226
309 -0.005131
310 -0.000000
311 0.004963
312 0.003018
313 -0.002970
314 -0.004730
315 0.000000
316 0.004587
317 0.002793
318 -0.002751
319 -0.004387
320 -0.000000
321 0.004264
322 0.002599
323 -0.002563
324 -0.004091
325 0.000000
326 0.003983
327 0.002430
328 -0.002399
329 -0.003832
330 -0.000000
331 0.003737
332 0.002282
333 -0.002254
334 -0.003604
335 0.000000
336 0.003520
337 0.002151
338 -0.002126
339 -0.003401
340 0.000000
341 0.003327
342 0.002034
343 -0.002012
344 -0.003221
345 0.000000
346 0.003153
347 0.001929
348 -0.001909
349 -0.003058
350 0.000000
351 0.002997
352 0.001834
353 -0.001816
354 -0.002911
355 0.000000
356 0.002856
357 0.001749
358 -0.001732
359 -0.002777
360 0.000000
361 0.002727
362 0.001671
363 -0.001656
364 -0.002656
365 0.000000
366 0.002610
367 0.001599
368 -0.001586
369 -0.002544
370 -0.000000
371 0.002502
372 0.001534
373 -0.001521
374 -0.002441
375 0.000000
376 0.002403
377 0.001473
378 -0.001462
379 -0.002347
380 0.000000
381 0.002311
382 0.001417
383 -0.001407
384 -0.002259
385 -0.000000
386 0.002226
387 0.001366
388 -0.001356
389 -0.002178
390 -0.000000
391 0.002147
392 0.001318
393 -0.001308
394 -0.002102
395 0.000000
396 0.002073
397 0.001273
398 -0.001264
399 -0.002032
400 0.000000
401 0.002005
402 0.001231
403 -0.001223
404 -0.001966
405 0.000000
406 0.001941
407 0.001192
408 -0.001184
409 -0.001904
410 -0.000000
411 0.001880
412 0.001155
413 -0.001148
414 -0.001846
415 -0.000000
416 0.001824
417 0.001120
418 -0.001114
419 -0.001791
420 0.000000
421 0.001770
422 0.001088
423 -0.001081
424 -0.001740
425 -0.000000
426 0.001720
427 0.001057
428 -0.001051
429 -0.001691
430 0.000000
431 0.001673
432 0.001028
433 -0.001022
434 -0.001645
435 -0.000000
436 0.001628
437 0.001001
438 -0.000995
439 -0.001602
440 0.000000
441 0.001585
442 0.000974
443 -0.000969
444 -0.001560
445 -0.000000
446 0.001545
447 0.000950
448 -0.000945
449 -0.001521
450 0.000000
451 0.001506
452 0.000926
453 -0.000922
454 -0.001484
455 -0.000000
456 0.001470
457 0.000904
458 -0.000900
459 -0.001448
460 0.000000
461 0.001435
462 0.000883
463 -0.000878
464 -0.001415
465 -0.000000
466 0.001402
467 0.000862
468 -0.000858
469 -0.001382
470 0.000000
471 0.001370
472 0.000843
473 -0.000839
474 -0.001351
475 -0.000000
476 0.001340
477 0.000824
478 -0.000821
479 -0.001322
480 0.000000
481 0.001311
482 0.000806
483 -0.000803
484 -0.001294
485 0.000000
486 0.001283
487 0.000789
488 -0.000786
489 -0.001267
490 -0.000000
491 0.001256
492 0.000773
493 -0.000770
494 -0.001241
495 0.000000
496 0.001231
497 0.000757
498 -0.000754
499 -0.001216
500 0.000000
