0.000000 54.764467
0.015625 55.064876
0.031250 55.932560
0.046875 63.828150
0.062500 74.069308
0.078125 82.371817
0.093750 88.363033
0.109375 92.438498
0.125000 94.907521
0.140625 95.941238
0.156250 95.595922
0.171875 93.801516
0.187500 90.222451
0.203125 83.509919
0.218750 79.170610
0.234375 88.043964
0.250000 92.788644
0.265625 95.499763
0.281250 96.729270
0.296875 96.575563
0.312500 95.005704
0.328125 92.047830
0.343750 88.497005
0.359375 88.761175
0.375000 93.913269
0.390625 98.555506
0.406250 101.597445
0.421875 103.106576
0.437500 103.179876
0.453125 101.829969
0.468750 98.987600
0.484375 94.601617
0.500000 89.277645
0.515625 86.215203
0.531250 88.146110
0.546875 91.442733
0.562500 93.571273
0.578125 94.174174
0.593750 93.332503
0.609375 91.099039
0.625000 87.371689
0.640625 82.327811
0.656250 83.178409
0.671875 88.566353
0.687500 92.251082
0.703125 94.312880
0.718750 94.942072
0.734375 94.153984
0.750000 91.840316
0.765625 87.848474
0.781250 82.696521
0.796875 80.412828
0.812500 83.029707
0.828125 86.601320
0.843750 89.097664
0.859375 90.080250
0.875000 89.566873
0.890625 87.595645
0.906250 84.108134
0.921875 78.834262
0.937500 70.895370
0.953125 62.267884
0.968750 67.070981
0.984375 69.669147
1.000000 70.501684
1.015625 70.120703
1.031250 68.525904
1.046875 65.553978
1.062500 60.820730
1.078125 53.122634
1.093750 46.663476
1.109375 53.803043
1.125000 57.347803
1.140625 58.619189
1.156250 58.419572
1.171875 58.292756
1.187500 58.612544
1.203125 57.178152
1.218750 50.700490
1.234375 44.519995
1.250000 55.206144
1.265625 58.092012
1.281250 58.793937
1.296875 58.083737
1.312500 55.809165
1.328125 53.268720
1.343750 52.868652
1.359375 51.653633
1.375000 48.239208
1.390625 45.164495
1.406250 41.517651
1.421875 50.159342
1.437500 55.269304
1.453125 56.113819
1.468750 52.968920
1.484375 42.926242
1.500000 44.539964
1.515625 48.510446
1.531250 49.084013
1.546875 49.825483
1.562500 52.299160
1.578125 55.563974
1.593750 57.063297
1.609375 55.837301
1.625000 51.064807
1.640625 41.635014
1.656250 37.230938
1.671875 38.684345
1.687500 48.031299
1.703125 50.543815
1.718750 49.310649
1.734375 48.134160
1.750000 48.697931
1.765625 46.779417
1.781250 43.355349
1.796875 42.698345
1.812500 39.546380
1.828125 48.072975
1.843750 52.842548
1.859375 53.526962
1.875000 50.902502
1.890625 45.215814
1.906250 39.885820
1.921875 42.080631
1.937500 46.022503
1.953125 46.113334
1.968750 43.053537
1.984375 48.311830
2.000000 52.238565
2.015625 52.929217
2.031250 51.562724
2.046875 49.005132
2.062500 44.805139
2.078125 41.612444
2.093750 45.664951
2.109375 47.021645
2.125000 46.599059
2.140625 47.823602
2.156250 49.681929
2.171875 50.854760
2.187500 51.163947
2.203125 49.467201
2.218750 43.236214
2.234375 42.797639
2.250000 49.775832
2.265625 52.307119
2.281250 52.997339
2.296875 52.982535
2.312500 52.966926
2.328125 53.047136
2.343750 52.293039
2.359375 49.301169
2.375000 42.001351
2.390625 47.834551
2.406250 54.939432
2.421875 58.897088
2.437500 60.811902
2.453125 60.965268
2.468750 59.499599
2.484375 56.695182
2.500000 53.665544
2.515625 54.165830
2.531250 58.726661
2.546875 63.165195
2.562500 66.295279
2.578125 67.954251
2.593750 68.043112
2.609375 66.386823
2.625000 62.804702
2.640625 58.221874
2.656250 55.943229
2.671875 55.014992
2.687500 58.788112
2.703125 63.446689
2.718750 65.962918
2.734375 66.698801
2.750000 66.053695
2.765625 64.270235
2.781250 61.447677
2.796875 57.570544
2.812500 54.034892
2.828125 56.423901
2.843750 60.593096
2.859375 63.480487
2.875000 65.018951
2.890625 65.246011
2.906250 64.143048
2.921875 61.713615
2.937500 58.506023
2.953125 58.727222
2.968750 63.418527
2.984375 67.544259
3.000000 70.251141
3.015625 71.602502
3.031250 71.647029
3.046875 70.352108
3.062500 67.639480
3.078125 63.665322
3.093750 59.915353
3.109375 58.373808
3.125000 58.172274
3.140625 59.153004
3.156250 60.305614
3.171875 60.442741
3.187500 59.341215
3.203125 57.072859
3.218750 53.751896
3.234375 51.007640
3.250000 51.985625
3.265625 53.910061
3.281250 55.259903
3.296875 56.425156
3.312500 57.473250
3.328125 57.919228
3.343750 57.170633
3.359375 54.684307
3.375000 49.849019
3.390625 42.305298
3.406250 41.704927
3.421875 47.705298
3.437500 51.198761
3.453125 52.096437
3.468750 50.866349
3.484375 48.673558
3.500000 46.956086
3.515625 45.581148
3.531250 45.683261
3.546875 46.296383
3.562500 45.330374
3.578125 45.379284
3.593750 47.045948
3.609375 46.599394
3.625000 43.801341
3.640625 42.008252
3.656250 39.750536
3.671875 36.197324
3.687500 44.150036
3.703125 47.057983
3.718750 46.086420
3.734375 42.108171
3.750000 37.748255
3.765625 39.004203
3.781250 42.503259
3.796875 43.192067
3.812500 39.941179
3.828125 42.200268
3.843750 46.847680
3.859375 48.082440
3.875000 47.862308
3.890625 47.908913
3.906250 46.386085
3.921875 37.510834
3.937500 41.525777
3.953125 49.257340
3.968750 51.490463
3.984375 51.486189
4.000000 51.042247
4.015625 51.786821
4.031250 52.788812
4.046875 52.372147
4.062500 49.490143
4.078125 42.284698
4.093750 30.034032
4.109375 40.138111
4.125000 45.279635
4.140625 49.020983
4.156250 50.314158
4.171875 49.093208
4.187500 45.609260
4.203125 42.959585
4.218750 45.250157
4.234375 47.179189
4.250000 47.072517
4.265625 45.943804
4.281250 47.364053
4.296875 49.625578
4.312500 50.305001
4.328125 49.873907
4.343750 49.402653
4.359375 48.696742
4.375000 46.707532
4.390625 42.493204
4.406250 32.564691
4.421875 37.292271
4.437500 44.434161
4.453125 47.798077
4.468750 49.869106
4.484375 51.176467
4.500000 51.710162
4.515625 51.807985
4.531250 51.684653
4.546875 50.455622
4.562500 46.692121
4.578125 43.475679
4.593750 47.863858
4.609375 49.864202
4.625000 49.401642
4.640625 47.627437
4.656250 45.719595
4.671875 45.346887
4.687500 46.216239
4.703125 45.233344
4.718750 39.039595
4.734375 31.242931
4.750000 42.102615
4.765625 43.355671
4.781250 41.605934
4.796875 40.548440
4.812500 42.538642
4.828125 45.154781
4.843750 45.847190
4.859375 42.930217
4.875000 36.304943
4.890625 43.107723
4.906250 46.647108
4.921875 48.098555
4.937500 50.172334
4.953125 53.346510
4.968750 56.756183
4.984375 59.590860
5.000000 61.457610
5.015625 62.371024
5.031250 62.595645
5.046875 62.613483
5.062500 63.085607
5.078125 64.248622
5.093750 65.518044
5.109375 66.310552
5.125000 66.517824
5.140625 66.363531
5.156250 66.070027
5.171875 65.548457
5.187500 64.486058
5.203125 62.627909
5.218750 59.935620
5.234375 56.883681
5.250000 55.069545
5.265625 55.600550
5.281250 57.087902
5.296875 58.494156
5.312500 59.640899
5.328125 60.466474
5.343750 60.792528
5.359375 60.463945
5.375000 59.479672
5.390625 57.998991
5.406250 56.463658
5.421875 55.780201
5.437500 56.094154
5.453125 56.386952
5.468750 56.496636
5.484375 57.109798
5.500000 58.066761
5.515625 58.707687
5.531250 59.074806
5.546875 59.581458
5.562500 60.249176
5.578125 60.664639
5.593750 60.309660
5.609375 58.626484
5.625000 55.008205
5.640625 50.683180
5.656250 53.970538
5.671875 59.430900
5.687500 63.973141
5.703125 67.288784
5.718750 69.286874
5.734375 70.010295
5.750000 69.542734
5.765625 68.065151
5.781250 66.045536
5.796875 64.065971
5.812500 61.953637
5.828125 60.931906
5.843750 64.499335
5.859375 68.286044
5.875000 70.423188
5.890625 71.049267
5.906250 70.364469
5.921875 68.480945
5.937500 65.306251
5.953125 59.693151
5.968750 41.093954
5.984375 60.496795
6.000000 66.246103
6.015625 68.896656
6.031250 69.813184
6.046875 69.472585
6.062500 68.208806
6.078125 66.328166
6.093750 63.905894
6.109375 60.478701
6.125000 54.778662
6.140625 41.859096
6.156250 46.874892
6.171875 51.611788
6.187500 53.009474
6.203125 53.421449
6.218750 53.373094
6.234375 52.598982
6.250000 50.601135
6.265625 47.983206
6.281250 48.456836
6.296875 50.753635
6.312500 52.288730
6.328125 53.551987
6.343750 55.080997
6.359375 56.309503
6.375000 56.361309
6.390625 54.604605
6.406250 50.313683
6.421875 47.451616
6.437500 56.671229
6.453125 63.172394
6.468750 67.153772
6.484375 69.125270
6.500000 69.197453
6.515625 67.150733
6.531250 62.299468
6.546875 57.506811
6.562500 61.183286
6.578125 62.511460
6.593750 60.628580
6.609375 54.634852
6.625000 35.924544
6.640625 52.683553
6.656250 55.591211
6.671875 55.800590
6.687500 55.416006
6.703125 54.423042
6.718750 50.799691
6.734375 35.231674
6.750000 48.617373
6.765625 53.670885
6.781250 54.665370
6.796875 53.848680
6.812500 53.257262
6.828125 54.316397
6.843750 55.528605
6.859375 55.482570
6.875000 53.487559
6.890625 48.411756
6.906250 33.502057
6.921875 43.962511
6.937500 49.752437
6.953125 52.876493
6.968750 54.790795
6.984375 55.684950
7.000000 55.560980
7.015625 54.151530
7.031250 50.662572
7.046875 42.523032
7.062500 38.628221
7.078125 46.273424
7.093750 49.780021
7.109375 53.216119
7.125000 55.942618
7.140625 57.299870
7.156250 57.319079
7.171875 56.253077
7.187500 54.342201
7.203125 51.524661
7.218750 47.325653
7.234375 41.711119
7.250000 37.593654
7.265625 35.210983
7.281250 36.941833
7.296875 39.699108
7.312500 39.167441
7.328125 36.605494
7.343750 35.789605
7.359375 33.405671
7.375000 26.333199
7.390625 33.147216
7.406250 34.477297
7.421875 33.253057
7.437500 36.105900
7.453125 36.307362
7.468750 28.895748
7.484375 28.665438
7.500000 34.650736
7.515625 31.959671
7.531250 28.499163
7.546875 32.713305
7.562500 28.556039
7.578125 27.272204
7.593750 35.018691
7.609375 33.925813
7.625000 22.976998
7.640625 32.227571
7.656250 33.356919
7.671875 24.808291
7.687500 31.300048
7.703125 33.645874
7.718750 26.397021
7.734375 30.219719
7.750000 34.239660
7.765625 29.154363
7.781250 28.041844
7.796875 34.627583
7.812500 32.349102
7.828125 25.885634
7.843750 33.653457
7.859375 32.917059
7.875000 23.833369
7.890625 32.524068
7.906250 33.117387
7.921875 21.674585
7.937500 31.886312
7.953125 34.466098
7.968750 28.276642
7.984375 29.516052
8.000000 34.016975
8.015625 29.516052
8.031250 28.276642
8.046875 34.466098
8.062500 31.886312
8.078125 21.674585
8.093750 33.117387
8.109375 32.524068
8.125000 23.833369
8.140625 32.917059
8.156250 33.653457
8.171875 25.885634
8.187500 32.349102
8.203125 34.627583
8.218750 28.041844
8.234375 29.154363
8.250000 34.239660
8.265625 30.219719
8.281250 26.397021
8.296875 33.645874
8.312500 31.300048
8.328125 24.808291
8.343750 33.356919
8.359375 32.227571
8.375000 22.976998
8.390625 33.925813
8.406250 35.018691
8.421875 27.272204
8.437500 28.556039
8.453125 32.713305
8.468750 28.499163
8.484375 31.959671
8.500000 34.650736
8.515625 28.665438
8.531250 28.895748
8.546875 36.307362
8.562500 36.105900
8.578125 33.253057
8.593750 34.477297
8.609375 33.147216
8.625000 26.333199
8.640625 33.405671
8.656250 35.789605
8.671875 36.605494
8.687500 39.167441
8.703125 39.699108
8.718750 36.941833
8.734375 35.210983
8.750000 37.593654
8.765625 41.711119
8.781250 47.325653
8.796875 51.524661
8.812500 54.342201
8.828125 56.253077
8.843750 57.319079
8.859375 57.299870
8.875000 55.942618
8.890625 53.216119
8.906250 49.780021
8.921875 46.273424
8.937500 38.628221
8.953125 42.523032
8.968750 50.662572
8.984375 54.151530
9.000000 55.560980
9.015625 55.684950
9.031250 54.790795
9.046875 52.876493
9.062500 49.752437
9.078125 43.962511
9.093750 33.502057
9.109375 48.411756
9.125000 53.487559
9.140625 55.482570
9.156250 55.528605
9.171875 54.316397
9.187500 53.257262
9.203125 53.848680
9.218750 54.665370
9.234375 53.670885
9.250000 48.617373
9.265625 35.231674
9.281250 50.799691
9.296875 54.423042
9.312500 55.416006
9.328125 55.800590
9.343750 55.591211
9.359375 52.683553
9.375000 35.924544
9.390625 54.634852
9.406250 60.628580
9.421875 62.511460
9.437500 61.183286
9.453125 57.506811
9.468750 62.299468
9.484375 67.150733
9.500000 69.197453
9.515625 69.125270
9.531250 67.153772
9.546875 63.172394
9.562500 56.671229
9.578125 47.451616
9.593750 50.313683
9.609375 54.604605
9.625000 56.361309
9.640625 56.309503
9.656250 55.080997
9.671875 53.551987
9.687500 52.288730
9.703125 50.753635
9.718750 48.456836
9.734375 47.983206
9.750000 50.601135
9.765625 52.598982
9.781250 53.373094
9.796875 53.421449
9.812500 53.009474
9.828125 51.611788
9.843750 46.874892
9.859375 41.859096
9.875000 54.778662
9.890625 60.478701
9.906250 63.905894
9.921875 66.328166
9.937500 68.208806
9.953125 69.472585
9.968750 69.813184
9.984375 68.896656
10.000000 66.246103
10.015625 60.496795
10.031250 41.093954
10.046875 59.693151
10.062500 65.306251
10.078125 68.480945
10.093750 70.364469
10.109375 71.049267
10.125000 70.423188
10.140625 68.286044
10.156250 64.499335
10.171875 60.931906
10.187500 61.953637
10.203125 64.065971
10.218750 66.045536
10.234375 68.065151
10.250000 69.542734
10.265625 70.010295
10.281250 69.286874
10.296875 67.288784
10.312500 63.973141
10.328125 59.430900
10.343750 53.970538
10.359375 50.683180
10.375000 55.008205
10.390625 58.626484
10.406250 60.309660
10.421875 60.664639
10.437500 60.249176
10.453125 59.581458
10.468750 59.074806
10.484375 58.707687
10.500000 58.066761
10.515625 57.109798
10.531250 56.496636
10.546875 56.386952
10.562500 56.094154
10.578125 55.780201
10.593750 56.463658
10.609375 57.998991
10.625000 59.479672
10.640625 60.463945
10.656250 60.792528
10.671875 60.466474
10.687500 59.640899
10.703125 58.494156
10.718750 57.087902
10.734375 55.600550
10.750000 55.069545
10.765625 56.883681
10.781250 59.935620
10.796875 62.627909
10.812500 64.486058
10.828125 65.548457
10.843750 66.070027
10.859375 66.363531
10.875000 66.517824
10.890625 66.310552
10.906250 65.518044
10.921875 64.248622
10.937500 63.085607
10.953125 62.613483
10.968750 62.595645
10.984375 62.371024
11.000000 61.457610
11.015625 59.590860
11.031250 56.756183
11.046875 53.346510
11.062500 50.172334
11.078125 48.098555
11.093750 46.647108
11.109375 43.107723
11.125000 36.304943
11.140625 42.930217
11.156250 45.847190
11.171875 45.154781
11.187500 42.538642
11.203125 40.548440
11.218750 41.605934
11.234375 43.355671
11.250000 42.102615
11.265625 31.242931
11.281250 39.039595
11.296875 45.233344
11.312500 46.216239
11.328125 45.346887
11.343750 45.719595
11.359375 47.627437
11.375000 49.401642
11.390625 49.864202
11.406250 47.863858
11.421875 43.475679
11.437500 46.692121
11.453125 50.455622
11.468750 51.684653
11.484375 51.807985
11.500000 51.710162
11.515625 51.176467
11.531250 49.869106
11.546875 47.798077
11.562500 44.434161
11.578125 37.292271
11.593750 32.564691
11.609375 42.493204
11.625000 46.707532
11.640625 48.696742
11.656250 49.402653
11.671875 49.873907
11.687500 50.305001
11.703125 49.625578
11.718750 47.364053
11.734375 45.943804
11.750000 47.072517
11.765625 47.179189
11.781250 45.250157
11.796875 42.959585
11.812500 45.609260
11.828125 49.093208
11.843750 50.314158
11.859375 49.020983
11.875000 45.279635
11.890625 40.138111
11.906250 30.034032
11.921875 42.284698
11.937500 49.490143
11.953125 52.372147
11.968750 52.788812
11.984375 51.786821
12.000000 51.042247
12.015625 51.486189
12.031250 51.490463
12.046875 49.257340
12.062500 41.525777
12.078125 37.510834
12.093750 46.386085
12.109375 47.908913
12.125000 47.862308
12.140625 48.082440
12.156250 46.847680
12.171875 42.200268
12.187500 39.941179
12.203125 43.192067
12.218750 42.503259
12.234375 39.004203
12.250000 37.748255
12.265625 42.108171
12.281250 46.086420
12.296875 47.057983
12.312500 44.150036
12.328125 36.197324
12.343750 39.750536
12.359375 42.008252
12.375000 43.801341
12.390625 46.599394
12.406250 47.045948
12.421875 45.379284
12.437500 45.330374
12.453125 46.296383
12.468750 45.683261
12.484375 45.581148
12.500000 46.956086
12.515625 48.673558
12.531250 50.866349
12.546875 52.096437
12.562500 51.198761
12.578125 47.705298
12.593750 41.704927
12.609375 42.305298
12.625000 49.849019
12.640625 54.684307
12.656250 57.170633
12.671875 57.919228
12.687500 57.473250
12.703125 56.425156
12.718750 55.259903
12.734375 53.910061
12.750000 51.985625
12.765625 51.007640
12.781250 53.751896
12.796875 57.072859
12.812500 59.341215
12.828125 60.442741
12.843750 60.305614
12.859375 59.153004
12.875000 58.172274
12.890625 58.373808
12.906250 59.915353
12.921875 63.665322
12.937500 67.639480
12.953125 70.352108
12.968750 71.647029
12.984375 71.602502
13.000000 70.251141
13.015625 67.544259
13.031250 63.418527
13.046875 58.727222
13.062500 58.506023
13.078125 61.713615
13.093750 64.143048
13.109375 65.246011
13.125000 65.018951
13.140625 63.480487
13.156250 60.593096
13.171875 56.423901
13.187500 54.034892
13.203125 57.570544
13.218750 61.447677
13.234375 64.270235
13.250000 66.053695
13.265625 66.698801
13.281250 65.962918
13.296875 63.446689
13.312500 58.788112
13.328125 55.014992
13.343750 55.943229
13.359375 58.221874
13.375000 62.804702
13.390625 66.386823
13.406250 68.043112
13.421875 67.954251
13.437500 66.295279
13.453125 63.165195
13.468750 58.726661
13.484375 54.165830
13.500000 53.665544
13.515625 56.695182
13.531250 59.499599
13.546875 60.965268
13.562500 60.811902
13.578125 58.897088
13.593750 54.939432
13.609375 47.834551
13.625000 42.001351
13.640625 49.301169
13.656250 52.293039
13.671875 53.047136
13.687500 52.966926
13.703125 52.982535
13.718750 52.997339
13.734375 52.307119
13.750000 49.775832
13.765625 42.797639
13.781250 43.236214
13.796875 49.467201
13.812500 51.163947
13.828125 50.854760
13.843750 49.681929
13.859375 47.823602
13.875000 46.599059
13.890625 47.021645
13.906250 45.664951
13.921875 41.612444
13.937500 44.805139
13.953125 49.005132
13.968750 51.562724
13.984375 52.929217
14.000000 52.238565
14.015625 48.311830
14.031250 43.053537
14.046875 46.113334
14.062500 46.022503
14.078125 42.080631
14.093750 39.885820
14.109375 45.215814
14.125000 50.902502
14.140625 53.526962
14.156250 52.842548
14.171875 48.072975
14.187500 39.546380
14.203125 42.698345
14.218750 43.355349
14.234375 46.779417
14.250000 48.697931
14.265625 48.134160
14.281250 49.310649
14.296875 50.543815
14.312500 48.031299
14.328125 38.684345
14.343750 37.230938
14.359375 41.635014
14.375000 51.064807
14.390625 55.837301
14.406250 57.063297
14.421875 55.563974
14.437500 52.299160
14.453125 49.825483
14.468750 49.084013
14.484375 48.510446
14.500000 44.539964
14.515625 42.926242
14.531250 52.968920
14.546875 56.113819
14.562500 55.269304
14.578125 50.159342
14.593750 41.517651
14.609375 45.164495
14.625000 48.239208
14.640625 51.653633
14.656250 52.868652
14.671875 53.268720
14.687500 55.809165
14.703125 58.083737
14.718750 58.793937
14.734375 58.092012
14.750000 55.206144
14.765625 44.519995
14.781250 50.700490
14.796875 57.178152
14.812500 58.612544
14.828125 58.292756
14.843750 58.419572
14.859375 58.619189
14.875000 57.347803
14.890625 53.803043
14.906250 46.663476
14.921875 53.122634
14.937500 60.820730
14.953125 65.553978
14.968750 68.525904
14.984375 70.120703
15.000000 70.501684
15.015625 69.669147
15.031250 67.070981
15.046875 62.267884
15.062500 70.895370
15.078125 78.834262
15.093750 84.108134
15.109375 87.595645
15.125000 89.566873
15.140625 90.080250
15.156250 89.097664
15.171875 86.601320
15.187500 83.029707
15.203125 80.412828
15.218750 82.696521
15.234375 87.848474
15.250000 91.840316
15.265625 94.153984
15.281250 94.942072
15.296875 94.312880
15.312500 92.251082
15.328125 88.566353
15.343750 83.178409
15.359375 82.327811
15.375000 87.371689
15.390625 91.099039
15.406250 93.332503
15.421875 94.174174
15.437500 93.571273
15.453125 91.442733
15.468750 88.146110
15.484375 86.215203
15.500000 89.277645
15.515625 94.601617
15.531250 98.987600
15.546875 101.829969
15.562500 103.179876
15.578125 103.106576
15.593750 101.597445
15.609375 98.555506
15.625000 93.913269
15.640625 88.761175
15.656250 88.497005
15.671875 92.047830
15.687500 95.005704
15.703125 96.575563
15.718750 96.729270
15.734375 95.499763
15.750000 92.788644
15.765625 88.043964
15.781250 79.170610
15.796875 83.509919
15.812500 90.222451
15.828125 93.801516
15.843750 95.595922
15.859375 95.941238
15.875000 94.907521
15.890625 92.438498
15.906250 88.363033
15.921875 82.371817
15.937500 74.069308
15.953125 63.828150
15.968750 55.932560
15.984375 55.064876
