0.000000
0.061321
0.122411
0.183040
0.242980
0.302006
0.359895
0.416430
0.471397
0.524590
0.575808
0.624859
0.671559
0.715731
0.757209
0.795837
0.831470
0.863973
0.893224
0.919114
0.941544
0.960431
0.975702
0.987301
0.995185
0.999322
0.999699
0.996313
0.989177
0.978317
0.963776
0.945607
0.923880
0.898674
0.870087
0.838225
0.803208
0.765167
0.724247
0.680601
0.634393
0.585798
0.534998
0.482184
0.427555
0.371317
0.313682
0.254866
0.195090
0.134581
0.073565
0.012272
-0.049068
-0.110222
-0.170962
-0.231058
-0.290285
-0.348419
-0.405241
-0.460539
-0.514103
-0.565732
-0.615232
-0.662416
-0.707107
-0.749136
-0.788346
-0.824589
-0.857729
-0.887640
-0.914210
-0.937339
-0.956940
-0.972940
-0.985278
-0.993907
-0.998795
-0.999925
-0.997290
-0.990903
-0.980785
-0.966976
-0.949528
-0.928506
-0.903989
-0.876070
-0.844854
-0.810457
-0.773010
-0.732654
-0.689541
-0.643832
-0.595699
-0.545325
-0.492898
-0.438616
-0.382683
-0.325310
-0.266713
-0.207111
-0.146730
-0.085797
-0.024541
0.036807
0.098017
0.158858
0.219101
0.278520
0.336890
0.393992
0.449611
0.503538
0.555570
0.605511
0.653173
0.698376
0.740951
0.780737
0.817585
0.851355
0.881921
0.909168
0.932993
0.953306
0.970031
0.983105
0.992480
0.998118
1.000000
0.998118
0.992480
0.983105
0.970031
0.953306
0.932993
0.909168
0.881921
0.851355
0.817585
0.780737
0.740951
0.698376
0.653173
0.605511
0.555570
0.503538
0.449611
0.393992
0.336890
0.278520
0.219101
0.158858
0.098017
0.036807
-0.024541
-0.085797
-0.146730
-0.207111
-0.266713
-0.325310
-0.382683
-0.438616
-0.492898
-0.545325
-0.595699
-0.643832
-0.689541
-0.732654
-0.773010
-0.810457
-0.844854
-0.876070
-0.903989
-0.928506
-0.949528
-0.966976
-0.980785
-0.990903
-0.997290
-0.999925
-0.998795
-0.993907
-0.985278
-0.972940
-0.956940
-0.937339
-0.914210
-0.887640
-0.857729
-0.824589
-0.788346
-0.749136
-0.707107
-0.662416
-0.615232
-0.565732
-0.514103
-0.460539
-0.405241
-0.348419
-0.290285
-0.231058
-0.170962
-0.110222
-0.049068
0.012272
0.073565
0.134581
0.195090
0.254866
0.313682
0.371317
0.427555
0.482184
0.534998
0.585798
0.634393
0.680601
0.724247
0.765167
0.803208
0.838225
0.870087
0.898674
0.923880
0.945607
0.963776
0.978317
0.989177
0.996313
0.999699
0.999322
0.995185
0.987301
0.975702
0.960431
0.941544
0.919114
0.893224
0.863973
0.831470
0.795837
0.757209
0.715731
0.671559
0.624859
0.575808
0.524590
0.471397
0.416430
0.359895
0.302006
0.242980
0.183040
0.122411
0.061321
0.000000
-0.061321
-0.122411
-0.183040
-0.242980
-0.302006
-0.359895
-0.416430
-0.471397
-0.524590
-0.575808
-0.624859
-0.671559
-0.715731
-0.757209
-0.795837
-0.831470
-0.863973
-0.893224
-0.919114
-0.941544
-0.960431
-0.975702
-0.987301
-0.995185
-0.999322
-0.999699
-0.996313
-0.989177
-0.978317
-0.963776
-0.945607
-0.923880
-0.898674
-0.870087
-0.838225
-0.803208
-0.765167
-0.724247
-0.680601
-0.634393
-0.585798
-0.534998
-0.482184
-0.427555
-0.371317
-0.313682
-0.254866
-0.195090
-0.134581
-0.073565
-0.012272
0.049068
0.110222
0.170962
0.231058
0.290285
0.348419
0.405241
0.460539
0.514103
0.565732
0.615232
0.662416
0.707107
0.749136
0.788346
0.824589
0.857729
0.887640
0.914210
0.937339
0.956940
0.972940
0.985278
0.993907
0.998795
0.999925
0.997290
0.990903
0.980785
0.966976
0.949528
0.928506
0.903989
0.876070
0.844854
0.810457
0.773010
0.732654
0.689541
0.643832
0.595699
0.545325
0.492898
0.438616
0.382683
0.325310
0.266713
0.207111
0.146730
0.085797
0.024541
-0.036807
-0.098017
-0.158858
-0.219101
-0.278520
-0.336890
-0.393992
-0.449611
-0.503538
-0.555570
-0.605511
-0.653173
-0.698376
-0.740951
-0.780737
-0.817585
-0.851355
-0.881921
-0.909168
-0.932993
-0.953306
-0.970031
-0.983105
-0.992480
-0.998118
-1.000000
-0.998118
-0.992480
-0.983105
-0.970031
-0.953306
-0.932993
-0.909168
-0.881921
-0.851355
-0.817585
-0.780737
-0.740951
-0.698376
-0.653173
-0.605511
-0.555570
-0.503538
-0.449611
-0.393992
-0.336890
-0.278520
-0.219101
-0.158858
-0.098017
-0.036807
0.024541
0.085797
0.146730
0.207111
0.266713
0.325310
0.382683
0.438616
0.492898
0.545325
0.595699
0.643832
0.689541
0.732654
0.773010
0.810457
0.844854
0.876070
0.903989
0.928506
0.949528
0.966976
0.980785
0.990903
0.997290
0.999925
0.998795
0.993907
0.985278
0.972940
0.956940
0.937339
0.914210
0.887640
0.857729
0.824589
0.788346
0.749136
0.707107
0.662416
0.615232
0.565732
0.514103
0.460539
0.405241
0.348419
0.290285
0.231058
0.170962
0.110222
0.049068
-0.012272
-0.073565
-0.134581
-0.195090
-0.254866
-0.313682
-0.371317
-0.427555
-0.482184
-0.534998
-0.585798
-0.634393
-0.680601
-0.724247
-0.765167
-0.803208
-0.838225
-0.870087
-0.898674
-0.923880
-0.945607
-0.963776
-0.978317
-0.989177
-0.996313
-0.999699
-0.999322
-0.995185
-0.987301
-0.975702
-0.960431
-0.941544
-0.919114
-0.893224
-0.863973
-0.831470
-0.795837
-0.757209
-0.715731
-0.671559
-0.624859
-0.575808
-0.524590
-0.471397
-0.416430
-0.359895
-0.302006
-0.242980
-0.183040
-0.122411
-0.061321
-0.000000
0.061321
0.122411
0.183040
0.242980
0.302006
0.359895
0.416430
0.471397
0.524590
0.575808
0.624859
0.671559
0.715731
0.757209
0.795837
0.831470
0.863973
0.893224
0.919114
0.941544
0.960431
0.975702
0.987301
0.995185
0.999322
0.999699
0.996313
0.989177
0.978317
0.963776
0.945607
0.923880
0.898674
0.870087
0.838225
0.803208
0.765167
0.724247
0.680601
0.634393
0.585798
0.534998
0.482184
0.427555
0.371317
0.313682
0.254866
0.195090
0.134581
0.073565
0.012272
-0.049068
-0.110222
-0.170962
-0.231058
-0.290285
-0.348419
-0.405241
-0.460539
-0.514103
-0.565732
-0.615232
-0.662416
-0.707107
-0.749136
-0.788346
-0.824589
-0.857729
-0.887640
-0.914210
-0.937339
-0.956940
-0.972940
-0.985278
-0.993907
-0.998795
-0.999925
-0.997290
-0.990903
-0.980785
-0.966976
-0.949528
-0.928506
-0.903989
-0.876070
-0.844854
-0.810457
-0.773010
-0.732654
-0.689541
-0.643832
-0.595699
-0.545325
-0.492898
-0.438616
-0.382683
-0.325310
-0.266713
-0.207111
-0.146730
-0.085797
-0.024541
0.036807
0.098017
0.158858
0.219101
0.278520
0.336890
0.393992
0.449611
0.503538
0.555570
0.605511
0.653173
0.698376
0.740951
0.780737
0.817585
0.851355
0.881921
0.909168
0.932993
0.953306
0.970031
0.983105
0.992480
0.998118
1.000000
0.998118
0.992480
0.983105
0.970031
0.953306
0.932993
0.909168
0.881921
0.851355
0.817585
0.780737
0.740951
0.698376
0.653173
0.605511
0.555570
0.503538
0.449611
0.393992
0.336890
0.278520
0.219101
0.158858
0.098017
0.036807
-0.024541
-0.085797
-0.146730
-0.207111
-0.266713
-0.325310
-0.382683
-0.438616
-0.492898
-0.545325
-0.595699
-0.643832
-0.689541
-0.732654
-0.773010
-0.810457
-0.844854
-0.876070
-0.903989
-0.928506
-0.949528
-0.966976
-0.980785
-0.990903
-0.997290
-0.999925
-0.998795
-0.993907
-0.985278
-0.972940
-0.956940
-0.937339
-0.914210
-0.887640
-0.857729
-0.824589
-0.788346
-0.749136
-0.707107
-0.662416
-0.615232
-0.565732
-0.514103
-0.460539
-0.405241
-0.348419
-0.290285
-0.231058
-0.170962
-0.110222
-0.049068
0.012272
0.073565
0.134581
0.195090
0.254866
0.313682
0.371317
0.427555
0.482184
0.534998
0.585798
0.634393
0.680601
0.724247
0.765167
0.803208
0.838225
0.870087
0.898674
0.923880
0.945607
0.963776
0.978317
0.989177
0.996313
0.999699
0.999322
0.995185
0.987301
0.975702
0.960431
0.941544
0.919114
0.893224
0.863973
0.831470
0.795837
0.757209
0.715731
0.671559
0.624859
0.575808
0.524590
0.471397
0.416430
0.359895
0.302006
0.242980
0.183040
0.122411
0.061321
0.000000
-0.061321
-0.122411
-0.183040
-0.242980
-0.302006
-0.359895
-0.416430
-0.471397
-0.524590
-0.575808
-0.624859
-0.671559
-0.715731
-0.757209
-0.795837
-0.831470
-0.863973
-0.893224
-0.919114
-0.941544
-0.960431
-0.975702
-0.987301
-0.995185
-0.999322
-0.999699
-0.996313
-0.989177
-0.978317
-0.963776
-0.945607
-0.923880
-0.898674
-0.870087
-0.838225
-0.803208
-0.765167
-0.724247
-0.680601
-0.634393
-0.585798
-0.534998
-0.482184
-0.427555
-0.371317
-0.313682
-0.254866
-0.195090
-0.134581
-0.073565
-0.012272
0.049068
0.110222
0.170962
0.231058
0.290285
0.348419
0.405241
0.460539
0.514103
0.565732
0.615232
0.662416
0.707107
0.749136
0.788346
0.824589
0.857729
0.887640
0.914210
0.937339
0.956940
0.972940
0.985278
0.993907
0.998795
0.999925
0.997290
0.990903
0.980785
0.966976
0.949528
0.928506
0.903989
0.876070
0.844854
0.810457
0.773010
0.732654
0.689541
0.643832
0.595699
0.545325
0.492898
0.438616
0.382683
0.325310
0.266713
0.207111
0.146730
0.085797
0.024541
-0.036807
-0.098017
-0.158858
-0.219101
-0.278520
-0.336890
-0.393992
-0.449611
-0.503538
-0.555570
-0.605511
-0.653173
-0.698376
-0.740951
-0.780737
-0.817585
-0.851355
-0.881921
-0.909168
-0.932993
-0.953306
-0.970031
-0.983105
-0.992480
-0.998118
-1.000000
-0.998118
-0.992480
-0.983105
-0.970031
-0.953306
-0.932993
-0.909168
-0.881921
-0.851355
-0.817585
-0.780737
-0.740951
-0.698376
-0.653173
-0.605511
-0.555570
-0.503538
-0.449611
-0.393992
-0.336890
-0.278520
-0.219101
-0.158858
-0.098017
-0.036807
0.024541
0.085797
0.146730
0.207111
0.266713
0.325310
0.382683
0.438616
0.492898
0.545325
0.595699
0.643832
0.689541
0.732654
0.773010
0.810457
0.844854
0.876070
0.903989
0.928506
0.949528
0.966976
0.980785
0.990903
0.997290
0.999925
0.998795
0.993907
0.985278
0.972940
0.956940
0.937339
0.914210
0.887640
0.857729
0.824589
0.788346
0.749136
0.707107
0.662416
0.615232
0.565732
0.514103
0.460539
0.405241
0.348419
0.290285
0.231058
0.170962
0.110222
0.049068
-0.012272
-0.073565
-0.134581
-0.195090
-0.254866
-0.313682
-0.371317
-0.427555
-0.482184
-0.534998
-0.585798
-0.634393
-0.680601
-0.724247
-0.765167
-0.803208
-0.838225
-0.870087
-0.898674
-0.923880
-0.945607
-0.963776
-0.978317
-0.989177
-0.996313
-0.999699
-0.999322
-0.995185
-0.987301
-0.975702
-0.960431
-0.941544
-0.919114
-0.893224
-0.863973
-0.831470
-0.795837
-0.757209
-0.715731
-0.671559
-0.624859
-0.575808
-0.524590
-0.471397
-0.416430
-0.359895
-0.302006
-0.242980
-0.183040
-0.122411
-0.061321
