0.0000 -0.0152
0.0020 -0.0006
0.0039 0.0152
0.0059 0.0017
0.0078 -0.0151
0.0098 -0.0028
0.0117 0.0149
0.0137 0.0039
0.0156 -0.0146
0.0176 -0.0050
0.0195 0.0142
0.0215 0.0060
0.0234 -0.0138
0.0254 -0.0070
0.0273 0.0133
0.0293 0.0080
0.0312 -0.0128
0.0332 -0.0090
0.0352 0.0121
0.0371 0.0099
0.0391 -0.0114
0.0410 -0.0108
0.0430 0.0106
0.0449 0.0116
0.0469 -0.0098
0.0488 -0.0123
0.0508 0.0089
0.0527 0.0130
0.0547 -0.0080
0.0566 -0.0136
0.0586 0.0070
0.0605 0.0142
0.0625 -0.0060
0.0645 -0.0147
0.0664 0.0049
0.0684 0.0151
0.0703 -0.0039
0.0723 -0.0155
0.0742 0.0027
0.0762 0.0157
0.0781 -0.0016
0.0801 -0.0159
0.0820 0.0004
0.0840 0.0160
0.0859 0.0008
0.0879 -0.0161
0.0898 -0.0019
0.0918 0.0160
0.0938 0.0031
0.0957 -0.0159
0.0977 -0.0043
0.0996 0.0156
0.1016 0.0055
0.1035 -0.0153
0.1055 -0.0067
0.1074 0.0149
0.1094 0.0078
0.1113 -0.0144
0.1133 -0.0089
0.1152 0.0139
0.1172 0.0100
0.1191 -0.0132
0.1211 -0.0111
0.1230 0.0125
0.1250 0.0121
0.1270 -0.0117
0.1289 -0.0130
0.1309 0.0108
0.1328 0.0139
0.1348 -0.0099
0.1367 -0.0148
0.1387 0.0089
0.1406 0.0156
0.1426 -0.0078
0.1445 -0.0163
0.1465 0.0067
0.1484 0.0169
0.1504 -0.0055
0.1523 -0.0175
0.1543 0.0043
0.1562 0.0180
0.1582 -0.0030
0.1602 -0.0184
0.1621 0.0017
0.1641 0.0187
0.1660 -0.0003
0.1680 -0.0190
0.1699 -0.0011
0.1719 0.0191
0.1738 0.0025
0.1758 -0.0191
0.1777 -0.0040
0.1797 0.0190
0.1816 0.0054
0.1836 -0.0189
0.1855 -0.0069
0.1875 0.0186
0.1895 0.0084
0.1914 -0.0183
0.1934 -0.0098
0.1953 0.0178
0.1973 0.0113
0.1992 -0.0172
0.2012 -0.0127
0.2031 0.0165
0.2051 0.0141
0.2070 -0.0157
0.2090 -0.0155
0.2109 0.0148
0.2129 0.0168
0.2148 -0.0138
0.2168 -0.0182
0.2188 0.0127
0.2207 0.0194
0.2227 -0.0115
0.2246 -0.0206
0.2266 0.0102
0.2285 0.0217
0.2305 -0.0087
0.2324 -0.0228
0.2344 0.0072
0.2363 0.0237
0.2383 -0.0056
0.2402 -0.0247
0.2422 0.0039
0.2441 0.0254
0.2461 -0.0021
0.2480 -0.0261
0.2500 0.0002
0.2520 0.0267
0.2539 0.0018
0.2559 -0.0272
0.2578 -0.0038
0.2598 0.0275
0.2617 0.0060
0.2637 -0.0278
0.2656 -0.0082
0.2676 0.0278
0.2695 0.0105
0.2715 -0.0279
0.2734 -0.0128
0.2754 0.0276
0.2773 0.0152
0.2793 -0.0273
0.2812 -0.0177
0.2832 0.0267
0.2852 0.0202
0.2871 -0.0261
0.2891 -0.0228
0.2910 0.0252
0.2930 0.0254
0.2949 -0.0242
0.2969 -0.0281
0.2988 0.0229
0.3008 0.0307
0.3027 -0.0215
0.3047 -0.0336
0.3066 0.0198
0.3086 0.0363
0.3105 -0.0179
0.3125 -0.0393
0.3145 0.0157
0.3164 0.0419
0.3184 -0.0133
0.3203 -0.0451
0.3223 0.0106
0.3242 0.0478
0.3262 -0.0075
0.3281 -0.0511
0.3301 0.0041
0.3320 0.0538
0.3340 -0.0003
0.3359 -0.0573
0.3379 -0.0039
0.3398 0.0602
0.3418 0.0087
0.3438 -0.0640
0.3457 -0.0140
0.3477 0.0670
0.3496 0.0200
0.3516 -0.0713
0.3535 -0.0270
0.3555 0.0747
0.3574 0.0348
0.3594 -0.0797
0.3613 -0.0443
0.3633 0.0839
0.3652 0.0551
0.3672 -0.0905
0.3691 -0.0689
0.3711 0.0963
0.3730 0.0850
0.3750 -0.1061
0.3770 -0.1077
0.3789 0.1162
0.3809 0.1354
0.3828 -0.1347
0.3848 -0.1810
0.3867 0.1594
0.3887 0.2442
0.3906 -0.2162
0.3926 -0.3853
0.3945 0.3464
0.3965 0.6829
0.3984 -1.3170
0.4004 -7.9013
0.4023 -37.1847
0.4043 -21.2418
0.4062 -60.7987
0.4082 -26.4192
0.4102 -77.3430
0.4121 -29.6898
0.4141 -59.0926
0.4160 -32.0991
0.4180 -53.5712
0.4199 -34.0327
0.4219 -50.9421
0.4238 -35.6748
0.4258 -49.3805
0.4277 -37.1281
0.4297 -48.3557
0.4316 -38.4560
0.4336 -47.6467
0.4355 -39.7009
0.4375 -47.1428
0.4395 -40.8936
0.4414 -46.7826
0.4434 -42.0576
0.4453 -46.5287
0.4473 -43.2124
0.4492 -46.3573
0.4512 -44.3753
0.4531 -46.2526
0.4551 -45.5628
0.4570 -46.2036
0.4590 -46.7921
0.4609 -46.2025
0.4629 -48.0822
0.4648 -46.2440
0.4668 -49.4560
0.4688 -46.3238
0.4707 -50.9428
0.4727 -46.4392
0.4746 -52.5826
0.4766 -46.5881
0.4785 -54.4346
0.4805 -46.7692
0.4824 -56.5928
0.4844 -46.9815
0.4863 -59.2247
0.4883 -47.2245
0.4902 -62.6787
0.4922 -47.4984
0.4941 -67.9117
0.4961 -47.8034
0.4980 -80.5010
0.5000 -48.1402
0.5020 -74.4218
0.5039 -48.5098
0.5059 -66.8900
0.5078 -48.9136
0.5098 -63.1787
0.5117 -49.3533
0.5137 -60.7773
0.5156 -49.8313
0.5176 -59.0485
0.5195 -50.3503
0.5215 -57.7322
0.5234 -50.9137
0.5254 -56.6965
0.5273 -51.5259
0.5293 -55.8654
0.5312 -52.1920
0.5332 -55.1914
0.5352 -52.9187
0.5371 -54.6426
0.5391 -53.7143
0.5410 -54.1969
0.5430 -54.5896
0.5449 -53.8385
0.5469 -55.5587
0.5488 -53.5555
0.5508 -56.6407
0.5527 -53.3391
0.5547 -57.8621
0.5566 -53.1826
0.5586 -59.2614
0.5605 -53.0807
0.5625 -60.8971
0.5645 -53.0295
0.5664 -62.8657
0.5684 -53.0261
0.5703 -65.3419
0.5723 -53.0681
0.5742 -68.6981
0.5762 -53.1541
0.5781 -73.9943
0.5801 -53.2830
0.5820 -88.4101
0.5840 -53.4545
0.5859 -78.6173
0.5879 -53.6686
0.5898 -71.5142
0.5918 -53.9258
0.5938 -67.8122
0.5957 -54.2273
0.5977 -65.3450
0.5996 -54.5746
0.6016 -63.5274
0.6035 -54.9700
0.6055 -62.1143
0.6074 -55.4166
0.6094 -60.9798
0.6113 -55.9182
0.6133 -60.0505
0.6152 -56.4799
0.6172 -59.2800
0.6191 -57.1079
0.6211 -58.6374
0.6230 -57.8107
0.6250 -58.1006
0.6270 -58.5991
0.6289 -57.6540
0.6309 -59.4874
0.6328 -57.2858
0.6348 -60.4953
0.6367 -56.9871
0.6387 -61.6503
0.6406 -56.7511
0.6426 -62.9927
0.6445 -56.5725
0.6465 -64.5847
0.6484 -56.4473
0.6504 -66.5296
0.6523 -56.3723
0.6543 -69.0183
0.6562 -56.3453
0.6582 -72.4693
0.6602 -56.3647
0.6621 -78.1469
0.6641 -56.4293
0.6660 -98.4425
0.6680 -56.5387
0.6699 -80.2637
0.6719 -56.6928
0.6738 -73.8630
0.6758 -56.8923
0.6777 -70.3230
0.6797 -57.1380
0.6816 -67.9031
0.6836 -57.4318
0.6855 -66.0903
0.6875 -57.7757
0.6895 -64.6624
0.6914 -58.1730
0.6934 -63.5027
0.6953 -58.6274
0.6973 -62.5423
0.6992 -59.1442
0.7012 -61.7374
0.7031 -59.7299
0.7051 -61.0582
0.7070 -60.3930
0.7090 -60.4839
0.7109 -61.1448
0.7129 -59.9992
0.7148 -62.0003
0.7168 -59.5927
0.7188 -62.9799
0.7207 -59.2558
0.7227 -64.1127
0.7246 -58.9820
0.7266 -65.4413
0.7285 -58.7659
0.7305 -67.0324
0.7324 -58.6037
0.7344 -68.9980
0.7363 -58.4924
0.7383 -71.5497
0.7402 -58.4298
0.7422 -75.1665
0.7441 -58.4141
0.7461 -81.4097
0.7480 -58.4445
0.7500 -109.5855
0.7520 -58.5205
0.7539 -80.9017
0.7559 -58.6421
0.7578 -75.1368
0.7598 -58.8098
0.7617 -71.7791
0.7637 -59.0247
0.7656 -69.4320
0.7676 -59.2887
0.7695 -67.6491
0.7715 -59.6039
0.7734 -66.2301
0.7754 -59.9735
0.7773 -65.0676
0.7793 -60.4017
0.7812 -64.0974
0.7832 -60.8937
0.7852 -63.2782
0.7871 -61.4563
0.7891 -62.5817
0.7910 -62.0984
0.7930 -61.9881
0.7949 -62.8317
0.7969 -61.4827
0.7988 -63.6718
0.8008 -61.0547
0.8027 -64.6404
0.8047 -60.6956
0.8066 -65.7680
0.8086 -60.3992
0.8105 -67.1002
0.8125 -60.1603
0.8145 -68.7085
0.8164 -59.9753
0.8184 -70.7154
0.8203 -59.8412
0.8223 -73.3569
0.8242 -59.7559
0.8262 -77.1890
0.8281 -59.7178
0.8301 -84.1980
0.8320 -59.7260
0.8340 -96.8451
0.8359 -59.7800
0.8379 -80.9567
0.8398 -59.8801
0.8418 -75.7279
0.8438 -60.0269
0.8457 -72.5452
0.8477 -60.2214
0.8496 -70.2758
0.8516 -60.4655
0.8535 -68.5306
0.8555 -60.7616
0.8574 -67.1290
0.8594 -61.1130
0.8613 -65.9724
0.8633 -61.5240
0.8652 -65.0009
0.8672 -61.9999
0.8691 -64.1757
0.8711 -62.5480
0.8730 -63.4700
0.8750 -63.1774
0.8770 -62.8649
0.8789 -63.9004
0.8809 -62.3464
0.8828 -64.7333
0.8848 -61.9041
0.8867 -65.6990
0.8887 -61.5298
0.8906 -66.8297
0.8926 -61.2176
0.8945 -68.1741
0.8965 -60.9625
0.8984 -69.8096
0.9004 -60.7610
0.9023 -71.8704
0.9043 -60.6102
0.9062 -74.6216
0.9082 -60.5080
0.9102 -78.7157
0.9121 -60.4531
0.9141 -86.7665
0.9160 -60.4445
0.9180 -92.3787
0.9199 -60.4820
0.9219 -80.5827
0.9238 -60.5658
0.9258 -75.8013
0.9277 -60.6964
0.9297 -72.7789
0.9316 -60.8753
0.9336 -70.5849
0.9355 -61.1041
0.9375 -68.8788
0.9395 -61.3856
0.9414 -67.4973
0.9434 -61.7231
0.9453 -66.3498
0.9473 -62.1210
0.9492 -65.3804
0.9512 -62.5851
0.9531 -64.5526
0.9551 -63.1226
0.9570 -63.8411
0.9590 -63.7432
0.9609 -63.2279
0.9629 -64.4598
0.9648 -62.6995
0.9668 -65.2894
0.9688 -62.2460
0.9707 -66.2561
0.9727 -61.8596
0.9746 -67.3943
0.9766 -61.5345
0.9785 -68.7560
0.9805 -61.2660
0.9824 -70.4249
0.9844 -61.0506
0.9863 -72.5487
0.9883 -60.8856
0.9902 -75.4270
0.9922 -60.7691
0.9941 -79.8346
0.9961 -60.6997
0.9980 -89.3623
