0.0000 -0.0076
0.0020 0.0076
0.0039 -0.0075
0.0059 0.0074
0.0078 -0.0073
0.0098 0.0071
0.0117 -0.0069
0.0137 0.0066
0.0156 -0.0063
0.0176 0.0060
0.0195 -0.0057
0.0215 0.0053
0.0234 -0.0048
0.0254 0.0044
0.0273 -0.0039
0.0293 0.0034
0.0312 -0.0029
0.0332 0.0024
0.0352 -0.0019
0.0371 0.0013
0.0391 -0.0008
0.0410 0.0002
0.0430 0.0004
0.0449 -0.0009
0.0469 0.0015
0.0488 -0.0021
0.0508 0.0026
0.0527 -0.0031
0.0547 0.0037
0.0566 -0.0042
0.0586 0.0046
0.0605 -0.0051
0.0625 0.0055
0.0645 -0.0059
0.0664 0.0063
0.0684 -0.0067
0.0703 0.0070
0.0723 -0.0072
0.0742 0.0075
0.0762 -0.0077
0.0781 0.0078
0.0801 -0.0079
0.0820 0.0080
0.0840 -0.0080
0.0859 0.0080
0.0879 -0.0079
0.0898 0.0078
0.0918 -0.0077
0.0938 0.0075
0.0957 -0.0073
0.0977 0.0070
0.0996 -0.0067
0.1016 0.0063
0.1035 -0.0060
0.1055 0.0056
0.1074 -0.0051
0.1094 0.0046
0.1113 -0.0041
0.1133 0.0036
0.1152 -0.0030
0.1172 0.0025
0.1191 -0.0019
0.1211 0.0013
0.1230 -0.0006
0.1250 0.0000
0.1270 0.0006
0.1289 -0.0013
0.1309 0.0019
0.1328 -0.0025
0.1348 0.0031
0.1367 -0.0037
0.1387 0.0043
0.1406 -0.0049
0.1426 0.0055
0.1445 -0.0060
0.1465 0.0065
0.1484 -0.0070
0.1504 0.0074
0.1523 -0.0078
0.1543 0.0081
0.1562 -0.0085
0.1582 0.0088
0.1602 -0.0090
0.1621 0.0092
0.1641 -0.0093
0.1660 0.0094
0.1680 -0.0095
0.1699 0.0095
0.1719 -0.0094
0.1738 0.0093
0.1758 -0.0091
0.1777 0.0089
0.1797 -0.0087
0.1816 0.0083
0.1836 -0.0080
0.1855 0.0076
0.1875 -0.0071
0.1895 0.0066
0.1914 -0.0061
0.1934 0.0055
0.1953 -0.0049
0.1973 0.0042
0.1992 -0.0036
0.2012 0.0028
0.2031 -0.0021
0.2051 0.0013
0.2070 -0.0006
0.2090 -0.0002
0.2109 0.0010
0.2129 -0.0019
0.2148 0.0027
0.2168 -0.0035
0.2188 0.0043
0.2207 -0.0051
0.2227 0.0059
0.2246 -0.0067
0.2266 0.0074
0.2285 -0.0081
0.2305 0.0088
0.2324 -0.0095
0.2344 0.0101
0.2363 -0.0107
0.2383 0.0112
0.2402 -0.0117
0.2422 0.0121
0.2441 -0.0125
0.2461 0.0128
0.2480 -0.0130
0.2500 0.0132
0.2520 -0.0133
0.2539 0.0134
0.2559 -0.0134
0.2578 0.0132
0.2598 -0.0131
0.2617 0.0128
0.2637 -0.0125
0.2656 0.0121
0.2676 -0.0116
0.2695 0.0111
0.2715 -0.0104
0.2734 0.0097
0.2754 -0.0090
0.2773 0.0081
0.2793 -0.0072
0.2812 0.0063
0.2832 -0.0052
0.2852 0.0041
0.2871 -0.0030
0.2891 0.0018
0.2910 -0.0005
0.2930 -0.0008
0.2949 0.0021
0.2969 -0.0035
0.2988 0.0049
0.3008 -0.0063
0.3027 0.0077
0.3047 -0.0092
0.3066 0.0106
0.3086 -0.0121
0.3105 0.0135
0.3125 -0.0150
0.3145 0.0164
0.3164 -0.0178
0.3184 0.0191
0.3203 -0.0205
0.3223 0.0217
0.3242 -0.0229
0.3262 0.0240
0.3281 -0.0251
0.3301 0.0261
0.3320 -0.0270
0.3340 0.0277
0.3359 -0.0285
0.3379 0.0290
0.3398 -0.0296
0.3418 0.0298
0.3438 -0.0301
0.3457 0.0300
0.3477 -0.0300
0.3496 0.0296
0.3516 -0.0293
0.3535 0.0285
0.3555 -0.0277
0.3574 0.0265
0.3594 -0.0252
0.3613 0.0235
0.3633 -0.0217
0.3652 0.0194
0.3672 -0.0169
0.3691 0.0138
0.3711 -0.0104
0.3730 0.0064
0.3750 -0.0018
0.3770 -0.0036
0.3789 0.0099
0.3809 -0.0174
0.3828 0.0263
0.3848 -0.0374
0.3867 0.0510
0.3887 -0.0694
0.3906 0.0931
0.3926 -0.1300
0.3945 0.1837
0.3965 -0.2957
0.3984 0.5273
0.4004 -10.2109
0.4023 -22.3331
0.4043 -27.2621
0.4062 -30.3146
0.4082 -32.5132
0.4102 -34.2397
0.4121 -35.6765
0.4141 -36.9244
0.4160 -38.0447
0.4180 -39.0778
0.4199 -40.0520
0.4219 -40.9880
0.4238 -41.9020
0.4258 -42.8072
0.4277 -43.7149
0.4297 -44.6356
0.4316 -45.5793
0.4336 -46.5564
0.4355 -47.5779
0.4375 -48.6568
0.4395 -49.8085
0.4414 -51.0523
0.4434 -52.4142
0.4453 -53.9300
0.4473 -55.6530
0.4492 -57.6675
0.4512 -60.1211
0.4531 -63.3108
0.4551 -67.9989
0.4570 -77.6605
0.4590 -78.4813
0.4609 -69.0623
0.4629 -64.8986
0.4648 -62.2768
0.4668 -60.4093
0.4688 -58.9931
0.4707 -57.8797
0.4727 -56.9849
0.4746 -56.2569
0.4766 -55.6612
0.4785 -55.1742
0.4805 -54.7788
0.4824 -54.4624
0.4844 -54.2157
0.4863 -54.0313
0.4883 -53.9039
0.4902 -53.8292
0.4922 -53.8038
0.4941 -53.8256
0.4961 -53.8926
0.4980 -54.0038
0.5000 -54.1586
0.5020 -54.3570
0.5039 -54.5994
0.5059 -54.8867
0.5078 -55.2204
0.5098 -55.6027
0.5117 -56.0365
0.5137 -56.5253
0.5156 -57.0740
0.5176 -57.6888
0.5195 -58.3775
0.5215 -59.1505
0.5234 -60.0214
0.5254 -61.0089
0.5273 -62.1390
0.5293 -63.4494
0.5312 -64.9977
0.5332 -66.8783
0.5352 -69.2625
0.5371 -72.5123
0.5391 -77.6463
0.5410 -91.1537
0.5430 -82.7265
0.5449 -75.3555
0.5469 -71.5409
0.5488 -68.9938
0.5508 -67.1096
0.5527 -65.6374
0.5547 -64.4488
0.5566 -63.4693
0.5586 -62.6517
0.5605 -61.9645
0.5625 -61.3856
0.5645 -60.8990
0.5664 -60.4927
0.5684 -60.1579
0.5703 -59.8874
0.5723 -59.6760
0.5742 -59.5196
0.5762 -59.4149
0.5781 -59.3597
0.5801 -59.3522
0.5820 -59.3913
0.5840 -59.4764
0.5859 -59.6076
0.5879 -59.7854
0.5898 -60.0106
0.5918 -60.2849
0.5938 -60.6106
0.5957 -60.9906
0.5977 -61.4289
0.5996 -61.9305
0.6016 -62.5021
0.6035 -63.1521
0.6055 -63.8916
0.6074 -64.7358
0.6094 -65.7050
0.6113 -66.8283
0.6133 -68.1482
0.6152 -69.7313
0.6172 -71.6896
0.6191 -74.2342
0.6211 -77.8438
0.6230 -84.0757
0.6250 -112.6225
0.6270 -83.5885
0.6289 -77.8154
0.6309 -74.4545
0.6328 -72.1060
0.6348 -70.3230
0.6367 -68.9048
0.6387 -67.7439
0.6406 -66.7761
0.6426 -65.9600
0.6445 -65.2675
0.6465 -64.6785
0.6484 -64.1785
0.6504 -63.7565
0.6523 -63.4042
0.6543 -63.1152
0.6562 -62.8844
0.6582 -62.7082
0.6602 -62.5836
0.6621 -62.5083
0.6641 -62.4810
0.6660 -62.5006
0.6680 -62.5668
0.6699 -62.6796
0.6719 -62.8398
0.6738 -63.0483
0.6758 -63.3071
0.6777 -63.6186
0.6797 -63.9861
0.6816 -64.4137
0.6836 -64.9071
0.6855 -65.4733
0.6875 -66.1216
0.6895 -66.8642
0.6914 -67.7176
0.6934 -68.7046
0.6953 -69.8579
0.6973 -71.2262
0.6992 -72.8873
0.7012 -74.9766
0.7031 -77.7618
0.7051 -81.9040
0.7070 -90.0797
0.7090 -95.2413
0.7109 -83.6989
0.7129 -78.9772
0.7148 -75.9949
0.7168 -73.8353
0.7188 -72.1613
0.7207 -70.8111
0.7227 -69.6946
0.7246 -68.7563
0.7266 -67.9597
0.7285 -67.2799
0.7305 -66.6987
0.7324 -66.2028
0.7344 -65.7823
0.7363 -65.4294
0.7383 -65.1383
0.7402 -64.9045
0.7422 -64.7243
0.7441 -64.5951
0.7461 -64.5150
0.7480 -64.4826
0.7500 -64.4973
0.7520 -64.5586
0.7539 -64.6669
0.7559 -64.8231
0.7578 -65.0284
0.7598 -65.2848
0.7617 -65.5950
0.7637 -65.9627
0.7656 -66.3923
0.7676 -66.8900
0.7695 -67.4634
0.7715 -68.1226
0.7734 -68.8811
0.7754 -69.7572
0.7773 -70.7763
0.7793 -71.9754
0.7812 -73.4109
0.7832 -75.1749
0.7852 -77.4333
0.7871 -80.5342
0.7891 -85.4387
0.7910 -97.7985
0.7930 -91.2168
0.7949 -83.4211
0.7969 -79.4308
0.7988 -76.7565
0.8008 -74.7635
0.8027 -73.1918
0.8047 -71.9094
0.8066 -70.8399
0.8086 -69.9353
0.8105 -69.1635
0.8125 -68.5020
0.8145 -67.9344
0.8164 -67.4487
0.8184 -67.0358
0.8203 -66.6886
0.8223 -66.4016
0.8242 -66.1706
0.8262 -65.9925
0.8281 -65.8648
0.8301 -65.7858
0.8320 -65.7543
0.8340 -65.7697
0.8359 -65.8320
0.8379 -65.9416
0.8398 -66.0994
0.8418 -66.3070
0.8438 -66.5666
0.8457 -66.8812
0.8477 -67.2547
0.8496 -67.6921
0.8516 -68.1998
0.8535 -68.7863
0.8555 -69.4627
0.8574 -70.2438
0.8594 -71.1500
0.8613 -72.2097
0.8633 -73.4653
0.8652 -74.9823
0.8672 -76.8710
0.8691 -79.3383
0.8711 -82.8504
0.8730 -88.9014
0.8750 -130.3181
0.8770 -88.7883
0.8789 -82.8439
0.8809 -79.3895
0.8828 -76.9677
0.8848 -75.1198
0.8867 -73.6410
0.8887 -72.4224
0.8906 -71.3986
0.8926 -70.5280
0.8945 -69.7819
0.8965 -69.1403
0.8984 -68.5884
0.9004 -68.1152
0.9023 -67.7122
0.9043 -67.3731
0.9062 -67.0927
0.9082 -66.8673
0.9102 -66.6939
0.9121 -66.5703
0.9141 -66.4950
0.9160 -66.4670
0.9180 -66.4859
0.9199 -66.5518
0.9219 -66.6652
0.9238 -66.8274
0.9258 -67.0401
0.9277 -67.3057
0.9297 -67.6275
0.9316 -68.0096
0.9336 -68.4576
0.9355 -68.9786
0.9375 -69.5817
0.9395 -70.2791
0.9414 -71.0871
0.9434 -72.0285
0.9453 -73.1355
0.9473 -74.4566
0.9492 -76.0687
0.9512 -78.1055
0.9531 -80.8302
0.9551 -84.8899
0.9570 -92.8574
0.9590 -98.7745
0.9609 -86.8045
0.9629 -81.9851
0.9648 -78.9394
0.9668 -76.7271
0.9688 -75.0052
0.9707 -73.6099
0.9727 -72.4498
0.9746 -71.4690
0.9766 -70.6308
0.9785 -69.9099
0.9805 -69.2882
0.9824 -68.7522
0.9844 -68.2918
0.9863 -67.8995
0.9883 -67.5692
0.9902 -67.2964
0.9922 -67.0774
0.9941 -66.9097
0.9961 -66.7912
0.9980 -66.7206
