0.0000 -0.0764
0.0020 -0.0728
0.0039 -0.0624
0.0059 -0.0462
0.0078 -0.0256
0.0098 -0.0027
0.0117 0.0204
0.0137 0.0415
0.0156 0.0588
0.0176 0.0705
0.0195 0.0757
0.0215 0.0739
0.0234 0.0652
0.0254 0.0503
0.0273 0.0308
0.0293 0.0082
0.0312 -0.0152
0.0332 -0.0373
0.0352 -0.0559
0.0371 -0.0694
0.0391 -0.0764
0.0410 -0.0763
0.0430 -0.0690
0.0449 -0.0552
0.0469 -0.0362
0.0488 -0.0138
0.0508 0.0098
0.0527 0.0326
0.0547 0.0523
0.0566 0.0672
0.0586 0.0758
0.0605 0.0774
0.0625 0.0718
0.0645 0.0595
0.0664 0.0415
0.0684 0.0195
0.0703 -0.0044
0.0723 -0.0281
0.0742 -0.0493
0.0762 -0.0660
0.0781 -0.0766
0.0801 -0.0800
0.0820 -0.0760
0.0840 -0.0648
0.0859 -0.0474
0.0879 -0.0256
0.0898 -0.0013
0.0918 0.0232
0.0938 0.0455
0.0957 0.0637
0.0977 0.0760
0.0996 0.0813
0.1016 0.0790
0.1035 0.0694
0.1055 0.0531
0.1074 0.0318
0.1094 0.0073
0.1113 -0.0182
0.1133 -0.0421
0.1152 -0.0623
0.1172 -0.0769
0.1191 -0.0843
0.1211 -0.0838
0.1230 -0.0754
0.1250 -0.0599
0.1270 -0.0386
0.1289 -0.0136
0.1309 0.0128
0.1328 0.0381
0.1348 0.0600
0.1367 0.0764
0.1387 0.0858
0.1406 0.0873
0.1426 0.0806
0.1445 0.0663
0.1465 0.0457
0.1484 0.0205
0.1504 -0.0069
0.1523 -0.0341
0.1543 -0.0584
0.1562 -0.0774
0.1582 -0.0894
0.1602 -0.0931
0.1621 -0.0880
0.1641 -0.0745
0.1660 -0.0539
0.1680 -0.0281
0.1699 0.0006
0.1719 0.0294
0.1738 0.0558
0.1758 0.0771
0.1777 0.0915
0.1797 0.0974
0.1816 0.0943
0.1836 0.0824
0.1855 0.0625
0.1875 0.0364
0.1895 0.0065
0.1914 -0.0245
0.1934 -0.0538
0.1953 -0.0784
0.1973 -0.0960
0.1992 -0.1048
0.2012 -0.1038
0.2031 -0.0930
0.2051 -0.0732
0.2070 -0.0462
0.2090 -0.0146
0.2109 0.0188
0.2129 0.0508
0.2148 0.0785
0.2168 0.0991
0.2188 0.1108
0.2207 0.1123
0.2227 0.1032
0.2246 0.0843
0.2266 0.0571
0.2285 0.0239
0.2305 -0.0123
0.2324 -0.0482
0.2344 -0.0803
0.2363 -0.1055
0.2383 -0.1212
0.2402 -0.1257
0.2422 -0.1183
0.2441 -0.0995
0.2461 -0.0709
0.2480 -0.0351
0.2500 0.0046
0.2520 0.0446
0.2539 0.0811
0.2559 0.1107
0.2578 0.1304
0.2598 0.1383
0.2617 0.1334
0.2637 0.1158
0.2656 0.0867
0.2676 0.0486
0.2695 0.0047
0.2715 -0.0410
0.2734 -0.0843
0.2754 -0.1209
0.2773 -0.1470
0.2793 -0.1598
0.2812 -0.1577
0.2832 -0.1403
0.2852 -0.1090
0.2871 -0.0665
0.2891 -0.0165
0.2910 0.0364
0.2930 0.0871
0.2949 0.1311
0.2969 0.1639
0.2988 0.1822
0.3008 0.1839
0.3027 0.1682
0.3047 0.1359
0.3066 0.0893
0.3086 0.0319
0.3105 -0.0311
0.3125 -0.0943
0.3145 -0.1513
0.3164 -0.1965
0.3184 -0.2246
0.3203 -0.2321
0.3223 -0.2172
0.3242 -0.1804
0.3262 -0.1244
0.3281 -0.0539
0.3301 0.0248
0.3320 0.1046
0.3340 0.1780
0.3359 0.2378
0.3379 0.2778
0.3398 0.2934
0.3418 0.2816
0.3438 0.2417
0.3457 0.1752
0.3477 0.0861
0.3496 -0.0190
0.3516 -0.1316
0.3535 -0.2414
0.3555 -0.3368
0.3574 -0.4068
0.3594 -0.4413
0.3613 -0.4330
0.3633 -0.3787
0.3652 -0.2796
0.3672 -0.1417
0.3691 0.0244
0.3711 0.2051
0.3730 0.3843
0.3750 0.5448
0.3770 0.6695
0.3789 0.7417
0.3809 0.7457
0.3828 0.6665
0.3848 0.4899
0.3867 0.2021
0.3887 -0.2111
0.3906 -0.7646
0.3926 -1.4753
0.3945 -2.3632
0.3965 -3.4532
0.3984 -4.7786
0.4004 -6.3853
0.4023 -8.3422
0.4043 -10.7607
0.4062 -13.8426
0.4082 -18.0242
0.4102 -24.6216
0.4121 -47.7341
0.4141 -28.4818
0.4160 -23.5399
0.4180 -21.6088
0.4199 -21.0587
0.4219 -21.4665
0.4238 -22.7455
0.4258 -25.0330
0.4277 -28.8557
0.4297 -36.3495
0.4316 -46.7590
0.4336 -33.2476
0.4355 -29.1032
0.4375 -27.1809
0.4395 -26.4626
0.4414 -26.6466
0.4434 -27.6823
0.4453 -29.7151
0.4473 -33.2571
0.4492 -40.3213
0.4512 -52.2606
0.4531 -37.4542
0.4551 -33.0100
0.4570 -30.8606
0.4590 -29.9355
0.4609 -29.9163
0.4629 -30.7380
0.4648 -32.5206
0.4668 -35.7030
0.4688 -41.8917
0.4707 -64.5342
0.4727 -41.2011
0.4746 -36.1412
0.4766 -33.6863
0.4785 -32.5359
0.4805 -32.3153
0.4824 -32.9305
0.4844 -34.4681
0.4863 -37.2866
0.4883 -42.6146
0.4902 -62.7929
0.4922 -44.8334
0.4941 -38.8692
0.4961 -36.0460
0.4980 -34.6523
0.5000 -34.2278
0.5020 -34.6410
0.5039 -35.9429
0.5059 -38.4188
0.5078 -43.0035
0.5098 -55.4961
0.5117 -48.6774
0.5137 -41.3927
0.5156 -38.1294
0.5176 -36.4712
0.5195 -35.8376
0.5215 -36.0515
0.5234 -37.1278
0.5254 -39.2881
0.5273 -43.2477
0.5293 -52.4273
0.5312 -53.2122
0.5332 -43.8438
0.5352 -40.0465
0.5371 -38.0974
0.5391 -37.2469
0.5410 -37.2625
0.5430 -38.1222
0.5449 -39.9927
0.5469 -43.4249
0.5488 -50.6437
0.5508 -59.6417
0.5527 -46.3339
0.5547 -41.8708
0.5566 -39.5967
0.5586 -38.5186
0.5605 -38.3350
0.5625 -38.9856
0.5645 -40.5886
0.5664 -43.5702
0.5684 -49.4660
0.5703 -76.9881
0.5723 -48.9850
0.5742 -43.6585
0.5762 -41.0147
0.5781 -39.6946
0.5801 -39.3093
0.5820 -39.7562
0.5840 -41.1104
0.5859 -43.7012
0.5879 -48.6319
0.5898 -64.6307
0.5918 -51.9691
0.5938 -45.4590
0.5957 -42.3857
0.5977 -40.8050
0.5996 -40.2129
0.6016 -40.4600
0.6035 -41.5806
0.6055 -43.8271
0.6074 -48.0150
0.6094 -58.5078
0.6113 -55.5973
0.6133 -47.3228
0.6152 -43.7382
0.6172 -41.8726
0.6191 -41.0664
0.6211 -41.1154
0.6230 -42.0144
0.6250 -43.9529
0.6270 -47.5460
0.6289 -55.4379
0.6309 -60.6293
0.6328 -49.3105
0.6348 -45.0977
0.6367 -42.9157
0.6387 -41.8854
0.6406 -41.7360
0.6426 -42.4227
0.6445 -44.0820
0.6465 -47.1831
0.6484 -53.4808
0.6504 -70.4084
0.6523 -51.5048
0.6543 -46.4903
0.6562 -43.9505
0.6582 -42.6825
0.6602 -42.3325
0.6621 -42.8138
0.6641 -44.2162
0.6660 -46.8998
0.6680 -52.0950
0.6699 -72.1811
0.6719 -54.0373
0.6738 -47.9446
0.6758 -44.9918
0.6777 -43.4683
0.6797 -42.9134
0.6816 -43.1939
0.6836 -44.3571
0.6855 -46.6784
0.6875 -51.0529
0.6895 -62.7529
0.6914 -57.1513
0.6934 -49.4956
0.6953 -46.0542
0.6973 -44.2525
0.6992 -43.4858
0.7012 -43.5679
0.7031 -44.5058
0.7051 -46.5067
0.7070 -50.2384
0.7090 -58.7337
0.7109 -61.4098
0.7129 -51.1901
0.7148 -47.1536
0.7168 -45.0440
0.7188 -44.0561
0.7207 -43.9401
0.7227 -44.6631
0.7246 -46.3758
0.7266 -49.5844
0.7285 -56.2464
0.7305 -68.8127
0.7324 -53.0964
0.7344 -48.3082
0.7363 -45.8518
0.7383 -44.6299
0.7402 -44.3142
0.7422 -44.8301
0.7441 -46.2795
0.7461 -49.0494
0.7480 -54.4888
0.7500 -81.6468
0.7520 -55.3249
0.7539 -49.5401
0.7559 -46.6853
0.7578 -45.2127
0.7598 -44.6934
0.7617 -45.0075
0.7637 -46.2130
0.7656 -48.6058
0.7676 -53.1558
0.7695 -66.1614
0.7715 -58.0776
0.7734 -50.8784
0.7754 -47.5549
0.7773 -45.8101
0.7793 -45.0810
0.7812 -45.1962
0.7832 -46.1730
0.7852 -48.2346
0.7871 -52.0991
0.7891 -61.2075
0.7910 -61.7985
0.7930 -52.3631
0.7949 -48.4730
0.7969 -46.4278
0.7988 -45.4801
0.8008 -45.3973
0.8027 -46.1568
0.8047 -47.9222
0.8066 -51.2354
0.8086 -58.2617
0.8105 -67.8635
0.8125 -54.0539
0.8145 -49.4543
0.8164 -47.0722
0.8184 -45.8938
0.8203 -45.6120
0.8223 -46.1626
0.8242 -47.6588
0.8262 -50.5137
0.8281 -56.1968
0.8301 -94.6345
0.8320 -56.0466
0.8340 -50.5180
0.8359 -47.7505
0.8379 -46.3256
0.8398 -45.8413
0.8418 -46.1890
0.8438 -47.4370
0.8457 -49.9008
0.8477 -54.6264
0.8496 -69.1792
0.8516 -58.5132
0.8535 -51.6894
0.8555 -48.4711
0.8574 -46.7793
0.8594 -46.0869
0.8613 -46.2353
0.8633 -47.2511
0.8652 -49.3735
0.8672 -53.3712
0.8691 -63.1428
0.8711 -61.8153
0.8730 -53.0043
0.8750 -49.2444
0.8770 -47.2592
0.8789 -46.3504
0.8809 -46.3008
0.8828 -47.0969
0.8848 -48.9155
0.8867 -52.3339
0.8887 -59.7428
0.8906 -66.9655
0.8926 -54.5156
0.8945 -50.0834
0.8965 -47.7703
0.8984 -46.6338
0.9004 -46.3856
0.9023 -46.9711
0.9043 -48.5147
0.9062 -51.4555
0.9082 -57.3914
0.9102 -80.3438
0.9121 -56.3080
0.9141 -51.0050
0.9160 -48.3185
0.9180 -46.9394
0.9199 -46.4897
0.9219 -46.8712
0.9238 -48.1621
0.9258 -50.6978
0.9277 -55.6045
0.9297 -72.1390
0.9316 -58.5298
0.9336 -52.0321
0.9355 -48.9110
0.9375 -47.2701
0.9395 -46.6137
0.9414 -46.7953
0.9434 -47.8507
0.9453 -50.0348
0.9473 -54.1697
0.9492 -64.6882
0.9512 -61.4812
0.9531 -53.1968
0.9551 -49.5570
0.9570 -47.6292
0.9590 -46.7585
0.9609 -46.7419
0.9629 -47.5751
0.9648 -49.4476
0.9668 -52.9743
0.9688 -60.7978
0.9707 -65.9373
0.9727 -54.5468
0.9746 -50.2681
0.9766 -48.0207
0.9785 -46.9251
0.9805 -46.7103
0.9824 -47.3311
0.9844 -48.9228
0.9863 -51.9519
0.9883 -58.1568
0.9902 -75.4892
0.9922 -56.1572
0.9941 -51.0595
0.9961 -48.4498
0.9980 -47.1153
