0.000000 71.804411
0.015625 69.988619
0.031250 65.907648
0.046875 67.557152
0.062500 78.300639
0.078125 86.241761
0.093750 91.398947
0.109375 94.561728
0.125000 96.129555
0.140625 96.284023
0.156250 95.045713
0.171875 92.176038
0.187500 86.513778
0.203125 70.686499
0.218750 85.666264
0.234375 91.118813
0.250000 93.649242
0.265625 94.530666
0.281250 94.028499
0.296875 92.166420
0.312500 89.013420
0.328125 85.713648
0.343750 86.598309
0.359375 90.495441
0.375000 93.670974
0.390625 95.460007
0.406250 95.831229
0.421875 94.786743
0.437500 92.254028
0.453125 87.994361
0.468750 81.288056
0.484375 68.862771
0.500000 68.669056
0.515625 73.557562
0.531250 74.941455
0.546875 74.921270
0.562500 73.407951
0.578125 69.552078
0.593750 60.283121
0.609375 55.146373
0.625000 63.206588
0.640625 64.777760
0.656250 65.414839
0.671875 66.516654
0.687500 67.446505
0.703125 66.877315
0.718750 63.108833
0.734375 48.304216
0.750000 61.291582
0.765625 66.135826
0.781250 67.487785
0.796875 67.535532
0.812500 67.301557
0.828125 66.946586
0.843750 65.791839
0.859375 62.519510
0.875000 53.891143
0.890625 55.882416
0.906250 61.432829
0.921875 62.519078
0.937500 61.784469
0.953125 60.618022
0.968750 59.440849
0.984375 57.662015
1.000000 51.999596
1.015625 50.887052
1.031250 62.003642
1.046875 66.197085
1.062500 67.438556
1.078125 66.576866
1.093750 64.009174
1.109375 60.022051
1.125000 54.358055
1.140625 50.630998
1.156250 57.585981
1.171875 62.393444
1.187500 64.888982
1.203125 65.316379
1.218750 63.437840
1.234375 57.979713
1.250000 43.117897
1.265625 60.529098
1.281250 67.054418
1.296875 71.017628
1.312500 73.320425
1.328125 74.167611
1.343750 73.532258
1.359375 71.128381
1.375000 66.107746
1.390625 55.095499
1.406250 53.475884
1.421875 59.036852
1.437500 63.561593
1.453125 67.613974
1.468750 69.801147
1.484375 70.256866
1.500000 69.259575
1.515625 66.968218
1.531250 63.265719
1.546875 57.319251
1.562500 54.030606
1.578125 60.150988
1.593750 63.305386
1.609375 64.044113
1.625000 62.797578
1.640625 59.532763
1.656250 53.578682
1.671875 38.593473
1.687500 47.476711
1.703125 54.761171
1.718750 58.755483
1.734375 61.099321
1.750000 61.920663
1.765625 61.108524
1.781250 58.436227
1.796875 53.374927
1.812500 43.432572
1.828125 39.867813
1.843750 50.160630
1.859375 55.017477
1.875000 57.865279
1.890625 59.005400
1.906250 58.264604
1.921875 55.250815
1.937500 51.458677
1.953125 54.027677
1.968750 56.928042
1.984375 58.106121
2.000000 58.497618
2.015625 58.712827
2.031250 58.351385
2.046875 56.162581
2.062500 49.376331
2.078125 51.780090
2.093750 59.745104
2.109375 63.798299
2.125000 66.081216
2.140625 67.163165
2.156250 67.219442
2.171875 66.361210
2.187500 64.725705
2.203125 62.451452
2.218750 59.727575
2.234375 57.291557
2.250000 56.910562
2.265625 58.669039
2.281250 60.320250
2.296875 60.471489
2.312500 58.348223
2.328125 53.318586
2.343750 53.217229
2.359375 57.694455
2.375000 59.718851
2.390625 60.316846
2.406250 60.295086
2.421875 59.841419
2.437500 58.471103
2.453125 54.942538
2.468750 44.586054
2.484375 47.793004
2.500000 54.095211
2.515625 55.078445
2.531250 53.496482
2.546875 50.747434
2.562500 48.859982
2.578125 48.729303
2.593750 48.285561
2.609375 44.142119
2.625000 36.793713
2.640625 48.101171
2.656250 51.401685
2.671875 51.394256
2.687500 49.706787
2.703125 48.178754
2.718750 48.009573
2.734375 48.268593
2.750000 47.178723
2.765625 45.181201
2.781250 47.690376
2.796875 49.901222
2.812500 48.382557
2.828125 39.428654
2.843750 40.899892
2.859375 48.225112
2.875000 50.334028
2.890625 51.374224
2.906250 52.810309
2.921875 54.550585
2.937500 55.621824
2.953125 55.097975
2.968750 52.152278
2.984375 46.109595
3.000000 46.441647
3.015625 50.419911
3.031250 52.473056
3.046875 54.288328
3.062500 56.334428
3.078125 57.989187
3.093750 58.544198
3.109375 57.544131
3.125000 54.755181
3.140625 50.542448
3.156250 47.009615
3.171875 47.001255
3.187500 51.025274
3.203125 54.843162
3.218750 57.271290
3.234375 58.473659
3.250000 58.401008
3.265625 56.751200
3.281250 53.014941
3.296875 48.621938
3.312500 53.459104
3.328125 58.473229
3.343750 61.345060
3.359375 62.542963
3.375000 62.421883
3.390625 61.451977
3.406250 60.267125
3.421875 59.271779
3.437500 58.500976
3.453125 58.158171
3.468750 58.487719
3.484375 59.182534
3.500000 59.635036
3.515625 59.394258
3.531250 58.229120
3.546875 56.032695
3.562500 52.732999
3.578125 48.327841
3.593750 43.034212
3.609375 39.593432
3.625000 44.515727
3.640625 48.407048
3.656250 49.621604
3.671875 48.649060
3.687500 46.233936
3.703125 43.575660
3.718750 40.689617
3.734375 36.775992
3.750000 36.953516
3.765625 43.125229
3.781250 47.584936
3.796875 49.440618
3.812500 48.727875
3.828125 45.490746
3.843750 42.255411
3.859375 43.190997
3.875000 43.735193
3.890625 43.548505
3.906250 44.496488
3.921875 46.571458
3.937500 47.995146
3.953125 47.294407
3.968750 42.704715
3.984375 29.590806
4.000000 42.493413
4.015625 45.922496
4.031250 46.600096
4.046875 46.822732
4.062500 47.536449
4.078125 48.263952
4.093750 47.798114
4.109375 44.673202
4.125000 38.510009
4.140625 42.864405
4.156250 45.803545
4.171875 45.773043
4.187500 46.147460
4.203125 48.366248
4.218750 50.400679
4.234375 51.771223
4.250000 52.545874
4.265625 52.768209
4.281250 52.468608
4.296875 51.156450
4.312500 47.297693
4.328125 36.636611
4.343750 45.381789
4.359375 50.052766
4.375000 51.123209
4.390625 50.523538
4.406250 49.614625
4.421875 49.371460
4.437500 49.806203
4.453125 50.670827
4.468750 51.700386
4.484375 52.271961
4.500000 51.563313
4.515625 48.576045
4.531250 40.629372
4.546875 36.883646
4.562500 44.731161
4.578125 46.583011
4.593750 46.564660
4.609375 46.400944
4.625000 46.600741
4.640625 45.913633
4.656250 42.164410
4.671875 30.464008
4.687500 42.296279
4.703125 46.630140
4.718750 47.515538
4.734375 46.928781
4.750000 46.480467
4.765625 46.961244
4.781250 47.324699
4.796875 45.827814
4.812500 44.306676
4.828125 51.221416
4.843750 56.717335
4.859375 59.988300
4.875000 61.737886
4.890625 62.310791
4.906250 61.869723
4.921875 60.528540
4.937500 58.509523
4.953125 56.340844
4.968750 54.635233
4.984375 53.151242
5.000000 50.986361
5.015625 48.211915
5.031250 48.241668
5.046875 50.727999
5.062500 52.360658
5.078125 52.945830
5.093750 53.490363
5.109375 55.384188
5.125000 58.083322
5.140625 60.263744
5.156250 61.497195
5.171875 61.772523
5.187500 61.097732
5.203125 59.336128
5.218750 56.042641
5.234375 49.919248
5.250000 43.567545
5.265625 50.683666
5.281250 53.662272
5.296875 53.809163
5.312500 51.936382
5.328125 51.056746
5.343750 54.257085
5.359375 57.339698
5.375000 59.311971
5.390625 60.544904
5.406250 61.272812
5.421875 61.438832
5.437500 60.735504
5.453125 58.605800
5.468750 53.766040
5.484375 45.794056
5.500000 55.225804
5.515625 60.602031
5.531250 63.620072
5.546875 65.295470
5.562500 65.997093
5.578125 66.050643
5.593750 65.934287
5.609375 66.068212
5.625000 66.305322
5.640625 66.078780
5.656250 64.907732
5.671875 62.488526
5.687500 58.622005
5.703125 53.260972
5.718750 46.485078
5.734375 36.248653
5.750000 35.688109
5.765625 40.252766
5.781250 39.161628
5.796875 37.158417
5.812500 39.451021
5.828125 41.370699
5.843750 43.985503
5.859375 48.262508
5.875000 51.935423
5.890625 54.203681
5.906250 55.086162
5.921875 54.740489
5.937500 53.380369
5.953125 51.295128
5.968750 49.029929
5.984375 48.286304
6.000000 50.554148
6.015625 53.480604
6.031250 55.341984
6.046875 55.725776
6.062500 54.455274
6.078125 51.203662
6.093750 44.921971
6.109375 36.666634
6.125000 45.148117
6.140625 50.450665
6.156250 54.212648
6.171875 56.945364
6.187500 58.562050
6.203125 58.946885
6.218750 58.019162
6.234375 55.735141
6.250000 52.460540
6.265625 50.997011
6.281250 53.379897
6.296875 56.207366
6.312500 58.356368
6.328125 59.765682
6.343750 60.397990
6.359375 60.203587
6.375000 59.166449
6.390625 57.450678
6.406250 56.183558
6.421875 57.658451
6.437500 60.821039
6.453125 63.604486
6.468750 65.481956
6.484375 66.369909
6.500000 66.205279
6.515625 64.794464
6.531250 61.470832
6.546875 53.296908
6.562500 55.170348
6.578125 63.406124
6.593750 67.282082
6.609375 69.280081
6.625000 70.049435
6.640625 69.858258
6.656250 68.878222
6.671875 67.255894
6.687500 65.043739
6.703125 62.051253
6.718750 58.242371
6.734375 57.316529
6.750000 60.734458
6.765625 63.411941
6.781250 64.618456
6.796875 64.426538
6.812500 62.772419
6.828125 59.420174
6.843750 54.224044
6.859375 51.449316
6.875000 54.685819
6.890625 57.585967
6.906250 59.688476
6.921875 61.119901
6.937500 61.870932
6.953125 62.217542
6.968750 62.753109
6.984375 63.547792
7.000000 63.881029
7.015625 63.091432
7.031250 60.756182
7.046875 56.288364
7.062500 47.539020
7.078125 37.390732
7.093750 47.401827
7.109375 48.784717
7.125000 47.862333
7.140625 47.010893
7.156250 46.740205
7.171875 45.716987
7.187500 45.400738
7.203125 48.329874
7.218750 51.665699
7.234375 53.861396
7.250000 54.660297
7.265625 53.943301
7.281250 51.602535
7.296875 47.744622
7.312500 46.589934
7.328125 51.246527
7.343750 55.043159
7.359375 57.219406
7.375000 58.082092
7.390625 57.862718
7.406250 56.698130
7.421875 54.652569
7.437500 51.650171
7.453125 47.003089
7.468750 37.110712
7.484375 37.066292
7.500000 43.323444
7.515625 43.945199
7.531250 42.527006
7.546875 41.695707
7.562500 41.206026
7.578125 39.633652
7.593750 37.039364
7.609375 31.604276
7.625000 32.090870
7.640625 38.288961
7.656250 39.015288
7.671875 34.849896
7.687500 28.200775
7.703125 30.329856
7.718750 21.865017
7.734375 29.051821
7.750000 33.203657
7.765625 27.022566
7.781250 28.337944
7.796875 35.124245
7.812500 33.273302
7.828125 22.595184
7.843750 31.796049
7.859375 31.239509
7.875000 6.071463
7.890625 32.215900
7.906250 33.086456
7.921875 19.764289
7.937500 30.815381
7.953125 33.892217
7.968750 27.038529
7.984375 26.958558
8.000000 32.694671
8.015625 26.958558
8.031250 27.038529
8.046875 33.892217
8.062500 30.815381
8.078125 19.764289
8.093750 33.086456
8.109375 32.215900
8.125000 6.071463
8.140625 31.239509
8.156250 31.796049
8.171875 22.595184
8.187500 33.273302
8.203125 35.124245
8.218750 28.337944
8.234375 27.022566
8.250000 33.203657
8.265625 29.051821
8.281250 21.865017
8.296875 30.329856
8.312500 28.200775
8.328125 34.849896
8.343750 39.015288
8.359375 38.288961
8.375000 32.090870
8.390625 31.604276
8.406250 37.039364
8.421875 39.633652
8.437500 41.206026
8.453125 41.695707
8.468750 42.527006
8.484375 43.945199
8.500000 43.323444
8.515625 37.066292
8.531250 37.110712
8.546875 47.003089
8.562500 51.650171
8.578125 54.652569
8.593750 56.698130
8.609375 57.862718
8.625000 58.082092
8.640625 57.219406
8.656250 55.043159
8.671875 51.246527
8.687500 46.589934
8.703125 47.744622
8.718750 51.602535
8.734375 53.943301
8.750000 54.660297
8.765625 53.861396
8.781250 51.665699
8.796875 48.329874
8.812500 45.400738
8.828125 45.716987
8.843750 46.740205
8.859375 47.010893
8.875000 47.862333
8.890625 48.784717
8.906250 47.401827
8.921875 37.390732
8.937500 47.539020
8.953125 56.288364
8.968750 60.756182
8.984375 63.091432
9.000000 63.881029
9.015625 63.547792
9.031250 62.753109
9.046875 62.217542
9.062500 61.870932
9.078125 61.119901
9.093750 59.688476
9.109375 57.585967
9.125000 54.685819
9.140625 51.449316
9.156250 54.224044
9.171875 59.420174
9.187500 62.772419
9.203125 64.426538
9.218750 64.618456
9.234375 63.411941
9.250000 60.734458
9.265625 57.316529
9.281250 58.242371
9.296875 62.051253
9.312500 65.043739
9.328125 67.255894
9.343750 68.878222
9.359375 69.858258
9.375000 70.049435
9.390625 69.280081
9.406250 67.282082
9.421875 63.406124
9.437500 55.170348
9.453125 53.296908
9.468750 61.470832
9.484375 64.794464
9.500000 66.205279
9.515625 66.369909
9.531250 65.481956
9.546875 63.604486
9.562500 60.821039
9.578125 57.658451
9.593750 56.183558
9.609375 57.450678
9.625000 59.166449
9.640625 60.203587
9.656250 60.397990
9.671875 59.765682
9.687500 58.356368
9.703125 56.207366
9.718750 53.379897
9.734375 50.997011
9.750000 52.460540
9.765625 55.735141
9.781250 58.019162
9.796875 58.946885
9.812500 58.562050
9.828125 56.945364
9.843750 54.212648
9.859375 50.450665
9.875000 45.148117
9.890625 36.666634
9.906250 44.921971
9.921875 51.203662
9.937500 54.455274
9.953125 55.725776
9.968750 55.341984
9.984375 53.480604
10.000000 50.554148
10.015625 48.286304
10.031250 49.029929
10.046875 51.295128
10.062500 53.380369
10.078125 54.740489
10.093750 55.086162
10.109375 54.203681
10.125000 51.935423
10.140625 48.262508
10.156250 43.985503
10.171875 41.370699
10.187500 39.451021
10.203125 37.158417
10.218750 39.161628
10.234375 40.252766
10.250000 35.688109
10.265625 36.248653
10.281250 46.485078
10.296875 53.260972
10.312500 58.622005
10.328125 62.488526
10.343750 64.907732
10.359375 66.078780
10.375000 66.305322
10.390625 66.068212
10.406250 65.934287
10.421875 66.050643
10.437500 65.997093
10.453125 65.295470
10.468750 63.620072
10.484375 60.602031
10.500000 55.225804
10.515625 45.794056
10.531250 53.766040
10.546875 58.605800
10.562500 60.735504
10.578125 61.438832
10.593750 61.272812
10.609375 60.544904
10.625000 59.311971
10.640625 57.339698
10.656250 54.257085
10.671875 51.056746
10.687500 51.936382
10.703125 53.809163
10.718750 53.662272
10.734375 50.683666
10.750000 43.567545
10.765625 49.919248
10.781250 56.042641
10.796875 59.336128
10.812500 61.097732
10.828125 61.772523
10.843750 61.497195
10.859375 60.263744
10.875000 58.083322
10.890625 55.384188
10.906250 53.490363
10.921875 52.945830
10.937500 52.360658
10.953125 50.727999
10.968750 48.241668
10.984375 48.211915
11.000000 50.986361
11.015625 53.151242
11.031250 54.635233
11.046875 56.340844
11.062500 58.509523
11.078125 60.528540
11.093750 61.869723
11.109375 62.310791
11.125000 61.737886
11.140625 59.988300
11.156250 56.717335
11.171875 51.221416
11.187500 44.306676
11.203125 45.827814
11.218750 47.324699
11.234375 46.961244
11.250000 46.480467
11.265625 46.928781
11.281250 47.515538
11.296875 46.630140
11.312500 42.296279
11.328125 30.464008
11.343750 42.164410
11.359375 45.913633
11.375000 46.600741
11.390625 46.400944
11.406250 46.564660
11.421875 46.583011
11.437500 44.731161
11.453125 36.883646
11.468750 40.629372
11.484375 48.576045
11.500000 51.563313
11.515625 52.271961
11.531250 51.700386
11.546875 50.670827
11.562500 49.806203
11.578125 49.371460
11.593750 49.614625
11.609375 50.523538
11.625000 51.123209
11.640625 50.052766
11.656250 45.381789
11.671875 36.636611
11.687500 47.297693
11.703125 51.156450
11.718750 52.468608
11.734375 52.768209
11.750000 52.545874
11.765625 51.771223
11.781250 50.400679
11.796875 48.366248
11.812500 46.147460
11.828125 45.773043
11.843750 45.803545
11.859375 42.864405
11.875000 38.510009
11.890625 44.673202
11.906250 47.798114
11.921875 48.263952
11.937500 47.536449
11.953125 46.822732
11.968750 46.600096
11.984375 45.922496
12.000000 42.493413
12.015625 29.590806
12.031250 42.704715
12.046875 47.294407
12.062500 47.995146
12.078125 46.571458
12.093750 44.496488
12.109375 43.548505
12.125000 43.735193
12.140625 43.190997
12.156250 42.255411
12.171875 45.490746
12.187500 48.727875
12.203125 49.440618
12.218750 47.584936
12.234375 43.125229
12.250000 36.953516
12.265625 36.775992
12.281250 40.689617
12.296875 43.575660
12.312500 46.233936
12.328125 48.649060
12.343750 49.621604
12.359375 48.407048
12.375000 44.515727
12.390625 39.593432
12.406250 43.034212
12.421875 48.327841
12.437500 52.732999
12.453125 56.032695
12.468750 58.229120
12.484375 59.394258
12.500000 59.635036
12.515625 59.182534
12.531250 58.487719
12.546875 58.158171
12.562500 58.500976
12.578125 59.271779
12.593750 60.267125
12.609375 61.451977
12.625000 62.421883
12.640625 62.542963
12.656250 61.345060
12.671875 58.473229
12.687500 53.459104
12.703125 48.621938
12.718750 53.014941
12.734375 56.751200
12.750000 58.401008
12.765625 58.473659
12.781250 57.271290
12.796875 54.843162
12.812500 51.025274
12.828125 47.001255
12.843750 47.009615
12.859375 50.542448
12.875000 54.755181
12.890625 57.544131
12.906250 58.544198
12.921875 57.989187
12.937500 56.334428
12.953125 54.288328
12.968750 52.473056
12.984375 50.419911
13.000000 46.441647
13.015625 46.109595
13.031250 52.152278
13.046875 55.097975
13.062500 55.621824
13.078125 54.550585
13.093750 52.810309
13.109375 51.374224
13.125000 50.334028
13.140625 48.225112
13.156250 40.899892
13.171875 39.428654
13.187500 48.382557
13.203125 49.901222
13.218750 47.690376
13.234375 45.181201
13.250000 47.178723
13.265625 48.268593
13.281250 48.009573
13.296875 48.178754
13.312500 49.706787
13.328125 51.394256
13.343750 51.401685
13.359375 48.101171
13.375000 36.793713
13.390625 44.142119
13.406250 48.285561
13.421875 48.729303
13.437500 48.859982
13.453125 50.747434
13.468750 53.496482
13.484375 55.078445
13.500000 54.095211
13.515625 47.793004
13.531250 44.586054
13.546875 54.942538
13.562500 58.471103
13.578125 59.841419
13.593750 60.295086
13.609375 60.316846
13.625000 59.718851
13.640625 57.694455
13.656250 53.217229
13.671875 53.318586
13.687500 58.348223
13.703125 60.471489
13.718750 60.320250
13.734375 58.669039
13.750000 56.910562
13.765625 57.291557
13.781250 59.727575
13.796875 62.451452
13.812500 64.725705
13.828125 66.361210
13.843750 67.219442
13.859375 67.163165
13.875000 66.081216
13.890625 63.798299
13.906250 59.745104
13.921875 51.780090
13.937500 49.376331
13.953125 56.162581
13.968750 58.351385
13.984375 58.712827
14.000000 58.497618
14.015625 58.106121
14.031250 56.928042
14.046875 54.027677
14.062500 51.458677
14.078125 55.250815
14.093750 58.264604
14.109375 59.005400
14.125000 57.865279
14.140625 55.017477
14.156250 50.160630
14.171875 39.867813
14.187500 43.432572
14.203125 53.374927
14.218750 58.436227
14.234375 61.108524
14.250000 61.920663
14.265625 61.099321
14.281250 58.755483
14.296875 54.761171
14.312500 47.476711
14.328125 38.593473
14.343750 53.578682
14.359375 59.532763
14.375000 62.797578
14.390625 64.044113
14.406250 63.305386
14.421875 60.150988
14.437500 54.030606
14.453125 57.319251
14.468750 63.265719
14.484375 66.968218
14.500000 69.259575
14.515625 70.256866
14.531250 69.801147
14.546875 67.613974
14.562500 63.561593
14.578125 59.036852
14.593750 53.475884
14.609375 55.095499
14.625000 66.107746
14.640625 71.128381
14.656250 73.532258
14.671875 74.167611
14.687500 73.320425
14.703125 71.017628
14.718750 67.054418
14.734375 60.529098
14.750000 43.117897
14.765625 57.979713
14.781250 63.437840
14.796875 65.316379
14.812500 64.888982
14.828125 62.393444
14.843750 57.585981
14.859375 50.630998
14.875000 54.358055
14.890625 60.022051
14.906250 64.009174
14.921875 66.576866
14.937500 67.438556
14.953125 66.197085
14.968750 62.003642
14.984375 50.887052
15.000000 51.999596
15.015625 57.662015
15.031250 59.440849
15.046875 60.618022
15.062500 61.784469
15.078125 62.519078
15.093750 61.432829
15.109375 55.882416
15.125000 53.891143
15.140625 62.519510
15.156250 65.791839
15.171875 66.946586
15.187500 67.301557
15.203125 67.535532
15.218750 67.487785
15.234375 66.135826
15.250000 61.291582
15.265625 48.304216
15.281250 63.108833
15.296875 66.877315
15.312500 67.446505
15.328125 66.516654
15.343750 65.414839
15.359375 64.777760
15.375000 63.206588
15.390625 55.146373
15.406250 60.283121
15.421875 69.552078
15.437500 73.407951
15.453125 74.921270
15.468750 74.941455
15.484375 73.557562
15.500000 68.669056
15.515625 68.862771
15.531250 81.288056
15.546875 87.994361
15.562500 92.254028
15.578125 94.786743
15.593750 95.831229
15.609375 95.460007
15.625000 93.670974
15.640625 90.495441
15.656250 86.598309
15.671875 85.713648
15.687500 89.013420
15.703125 92.166420
15.718750 94.028499
15.734375 94.530666
15.750000 93.649242
15.765625 91.118813
15.781250 85.666264
15.796875 70.686499
15.812500 86.513778
15.828125 92.176038
15.843750 95.045713
15.859375 96.284023
15.875000 96.129555
15.890625 94.561728
15.906250 91.398947
15.921875 86.241761
15.937500 78.300639
15.953125 67.557152
15.968750 65.907648
15.984375 69.988619
